0	0	0
0.01	0.008687874	0
0.02	0.014610119	0
0.03	0.019801129	0
0.04	0.024567543	0
0.05	0.029041026	0
0.06	0.033293971	0
0.07	0.037371746	0
0.08	0.041305229	0
0.09	0.045116677	0
0.1	0.048822823	0
0.11	0.052436664	0
0.12	0.055968559	0
0.13	0.059426936	0
0.14	0.062818777	0
0.15	0.066149948	0
0.16	0.069425442	0
0.17	0.072649553	0
0.18	0.075826013	0
0.19	0.078958086	0
0.2	0.082048655	0
0.21	0.085100281	0
0.22	0.088115249	0
0.23	0.091095614	0
0.24	0.09404323	0
0.25	0.09695978	0
0.26	0.099846794	0
0.27	0.10270567	0
0.28	0.105537693	0
0.29	0.108344043	0
0.3	0.111125808	0
0.31	0.113883998	0
0.32	0.116619547	0
0.33	0.119333326	0
0.34	0.122026144	0
0.35	0.12469876	0
0.36	0.127351882	0
0.37	0.129986174	0
0.38	0.132602263	0
0.39	0.135200734	0
0.4	0.137782143	0
0.41	0.140347012	0
0.42	0.142895835	0
0.43	0.145429081	0
0.44	0.147947192	0
0.45	0.150450591	0
0.46	0.152939677	0
0.47	0.155414831	0
0.48	0.157876414	0
0.49	0.160324774	0
0.5	0.162760238	0
0.51	0.165183123	0
0.52	0.16759373	0
0.53	0.169992346	0
0.54	0.172379247	0
0.55	0.174754698	0
0.56	0.177118953	0
0.57	0.179472256	0
0.58	0.181814839	0
0.59	0.184146929	0
0.6	0.186468741	0
0.61	0.188780484	0
0.62	0.191082359	0
0.63	0.193374559	0
0.64	0.19565727	0
0.65	0.197930674	0
0.66	0.200194942	0
0.67	0.202450244	0
0.68	0.204696741	0
0.69	0.206934591	0
0.7	0.209163945	0
0.71	0.211384951	0
0.72	0.21359775	0
0.73	0.215802481	0
0.74	0.217999278	0
0.75	0.220188269	0
0.76	0.222369581	0
0.77	0.224543336	0
0.78	0.226709652	0
0.79	0.228868644	0
0.8	0.231020425	0
0.81	0.233165102	0
0.82	0.235302783	0
0.83	0.237433568	0
0.84	0.239557559	0
0.85	0.241674853	0
0.86	0.243785545	0
0.87	0.245889726	0
0.88	0.247987488	0
0.89	0.250078917	0
0.9	0.252164098	0
0.91	0.254243117	0
0.92	0.256316053	0
0.93	0.258382985	0
0.94	0.260443992	0
0.95	0.262499149	0
0.96	0.26454853	0
0.97	0.266592206	0
0.98	0.268630248	0
0.99	0.270662725	0
1	0.272689704	0
1.01	0.27471125	0
1.02	0.276727429	0
1.03	0.278738302	0
1.04	0.280743931	0
1.05	0.282744377	0
1.06	0.284739698	0
1.07	0.286729952	0
1.08	0.288715195	0
1.09	0.290695483	0
1.1	0.292670869	0
1.11	0.294641407	0
1.12	0.296607148	0
1.13	0.298568144	0
1.14	0.300524444	0
1.15	0.302476097	0
1.16	0.304423152	0
1.17	0.306365654	0
1.18	0.308303651	0
1.19	0.310237188	0
1.2	0.312166308	0
1.21	0.314091056	0
1.22	0.316011474	0
1.23	0.317927605	0
1.24	0.319839489	0
1.25	0.321747167	0
1.26	0.323650678	0
1.27	0.325550062	0
1.28	0.327445358	0
1.29	0.329336602	0
1.3	0.331223832	0
1.31	0.333107084	0
1.32	0.334986394	0
1.33	0.336861796	0
1.34	0.338733327	0
1.35	0.340601019	0
1.36	0.342464906	0
1.37	0.344325021	0
1.38	0.346181397	0
1.39	0.348034064	0
1.4	0.349883054	0
1.41	0.351728399	0
1.42	0.353570128	0
1.43	0.355408272	0
1.44	0.357242858	0
1.45	0.359073918	0
1.46	0.360901478	0
1.47	0.362725568	0
1.48	0.364546213	0
1.49	0.366363443	0
1.5	0.368177283	0
1.51	0.36998776	0
1.52	0.3717949	0
1.53	0.373598728	0
1.54	0.37539927	0
1.55	0.37719655	0
1.56	0.378990593	0
1.57	0.380781424	0
1.58	0.382569065	0
1.59	0.384353541	0
1.6	0.386134874	0
1.61	0.387913087	0
1.62	0.389688203	0
1.63	0.391460245	0
1.64	0.393229232	0
1.65	0.394995189	0
1.66	0.396758135	0
1.67	0.398518091	0
1.68	0.400275079	0
1.69	0.402029119	0
1.7	0.40378023	0
1.71	0.405528434	0
1.72	0.407273749	0
1.73	0.409016194	0
1.74	0.41075579	0
1.75	0.412492554	0
1.76	0.414226506	0
1.77	0.415957664	0
1.78	0.417686046	0
1.79	0.41941167	0
1.8	0.421134554	0
1.81	0.422854714	0
1.82	0.424572169	0
1.83	0.426286936	0
1.84	0.427999031	0
1.85	0.429708471	0
1.86	0.431415273	0
1.87	0.433119452	0
1.88	0.434821025	0
1.89	0.436520008	0
1.9	0.438216416	0
1.91	0.439910265	0
1.92	0.441601569	0
1.93	0.443290346	0
1.94	0.444976608	0
1.95	0.446660371	0
1.96	0.44834165	0
1.97	0.450020459	0
1.98	0.451696812	0
1.99	0.453370723	0
2	0.455042207	0
2.01	0.456711277	0
2.02	0.458377947	0
2.03	0.46004223	0
2.04	0.46170414	0
2.05	0.46336369	0
2.06	0.465020892	0
2.07	0.466675761	0
2.08	0.468328307	0
2.09	0.469978546	0
2.1	0.471626487	0
2.11	0.473272145	0
2.12	0.474915532	0
2.13	0.476556658	0
2.14	0.478195537	0
2.15	0.479832181	0
2.16	0.4814666	0
2.17	0.483098807	0
2.18	0.484728813	0
2.19	0.486356629	0
2.2	0.487982267	0
2.21	0.489605738	0
2.22	0.491227052	0
2.23	0.492846222	0
2.24	0.494463257	0
2.25	0.496078168	0
2.26	0.497690966	0
2.27	0.499301661	0
2.28	0.500910264	0
2.29	0.502516785	0
2.3	0.504121234	0
2.31	0.505723621	0
2.32	0.507323956	0
2.33	0.50892225	0
2.34	0.510518511	0
2.35	0.51211275	0
2.36	0.513704976	0
2.37	0.515295198	0
2.38	0.516883427	0
2.39	0.518469671	0
2.4	0.520053939	0
2.41	0.521636242	0
2.42	0.523216587	0
2.43	0.524794984	0
2.44	0.526371441	0
2.45	0.527945968	0
2.46	0.529518574	0
2.47	0.531089266	0
2.48	0.532658054	0
2.49	0.534224946	0
2.5	0.53578995	0
2.51	0.537353075	0
2.52	0.53891433	0
2.53	0.540473721	0
2.54	0.542031258	0
2.55	0.543586948	0
2.56	0.545140799	0
2.57	0.54669282	0
2.58	0.548243018	0
2.59	0.549791401	0
2.6	0.551337977	0
2.61	0.552882753	0
2.62	0.554425737	0
2.63	0.555966936	0
2.64	0.557506358	0
2.65	0.55904401	0
2.66	0.5605799	0
2.67	0.562114034	0
2.68	0.563646421	0
2.69	0.565177066	0
2.7	0.566705978	0
2.71	0.568233163	0
2.72	0.569758628	0
2.73	0.57128238	0
2.74	0.572804426	0
2.75	0.574324773	0
2.76	0.575843427	0
2.77	0.577360396	0
2.78	0.578875685	0
2.79	0.580389301	0
2.8	0.581901251	0
2.81	0.583411542	0
2.82	0.584920179	0
2.83	0.586427169	0
2.84	0.587932518	0
2.85	0.589436233	0
2.86	0.59093832	0
2.87	0.592438785	0
2.88	0.593937634	0
2.89	0.595434873	0
2.9	0.596930508	0
2.91	0.598424546	0
2.92	0.599916991	0
2.93	0.601407851	0
2.94	0.60289713	0
2.95	0.604384835	0
2.96	0.605870971	0
2.97	0.607355544	0
2.98	0.60883856	0
2.99	0.610320024	0
3	0.611799942	0
3.01	0.613278319	0
3.02	0.614755161	0
3.03	0.616230473	0
3.04	0.617704262	0
3.05	0.619176531	0
3.06	0.620647287	0
3.07	0.622116534	0
3.08	0.623584278	0
3.09	0.625050525	0
3.1	0.626515278	0
3.11	0.627978545	0
3.12	0.629440328	0
3.13	0.630900635	0
3.14	0.632359469	0
3.15	0.633816835	0
3.16	0.63527274	0
3.17	0.636727186	0
3.18	0.63818018	0
3.19	0.639631727	0
3.2	0.64108183	0
3.21	0.642530495	0
3.22	0.643977727	0
3.23	0.64542353	0
3.24	0.646867908	0
3.25	0.648310868	0
3.26	0.649752412	0
3.27	0.651192547	0
3.28	0.652631275	0
3.29	0.654068603	0
3.3	0.655504534	0
3.31	0.656939072	0
3.32	0.658372223	0
3.33	0.65980399	0
3.34	0.661234378	0
3.35	0.662663392	0
3.36	0.664091035	0
3.37	0.665517312	0
3.38	0.666942227	0
3.39	0.668365784	0
3.4	0.669787988	0
3.41	0.671208842	0
3.42	0.672628352	0
3.43	0.67404652	0
3.44	0.675463351	0
3.45	0.676878849	0
3.46	0.678293019	0
3.47	0.679705863	0
3.48	0.681117387	0
3.49	0.682527593	0
3.5	0.683936486	0
3.51	0.68534407	0
3.52	0.686750349	0
3.53	0.688155326	0
3.54	0.689559006	0
3.55	0.690961392	0
3.56	0.692362488	0
3.57	0.693762297	0
3.58	0.695160824	0
3.59	0.696558071	0
3.6	0.697954044	0
3.61	0.699348745	0
3.62	0.700742178	0
3.63	0.702134347	0
3.64	0.703525254	0
3.65	0.704914905	0
3.66	0.706303302	0
3.67	0.707690449	0
3.68	0.709076349	0
3.69	0.710461006	0
3.7	0.711844423	0
3.71	0.713226604	0
3.72	0.714607553	0
3.73	0.715987271	0
3.74	0.717365764	0
3.75	0.718743033	0
3.76	0.720119084	0
3.77	0.721493918	0
3.78	0.722867539	0
3.79	0.72423995	0
3.8	0.725611156	0
3.81	0.726981158	0
3.82	0.72834996	0
3.83	0.729717566	0
3.84	0.731083978	0
3.85	0.732449199	0
3.86	0.733813234	0
3.87	0.735176084	0
3.88	0.736537753	0
3.89	0.737898244	0
3.9	0.739257561	0
3.91	0.740615705	0
3.92	0.741972681	0
3.93	0.74332849	0
3.94	0.744683137	0
3.95	0.746036624	0
3.96	0.747388954	0
3.97	0.74874013	0
3.98	0.750090155	0
3.99	0.751439032	0
4	0.752786764	0
4.01	0.754133353	0
4.02	0.755478803	0
4.03	0.756823115	0
4.04	0.758166294	0
4.05	0.759508342	0
4.06	0.760849262	0
4.07	0.762189056	0
4.08	0.763527727	0
4.09	0.764865278	0
4.1	0.766201712	0
4.11	0.767537031	0
4.12	0.768871239	0
4.13	0.770204337	0
4.14	0.771536328	0
4.15	0.772867216	0
4.16	0.774197002	0
4.17	0.77552569	0
4.18	0.776853282	0
4.19	0.77817978	0
4.2	0.779505188	0
4.21	0.780829507	0
4.22	0.78215274	0
4.23	0.78347489	0
4.24	0.784795959	0
4.25	0.786115951	0
4.26	0.787434866	0
4.27	0.788752708	0
4.28	0.79006948	0
4.29	0.791385183	0
4.3	0.792699821	0
4.31	0.794013395	0
4.32	0.795325908	0
4.33	0.796637362	0
4.34	0.79794776	0
4.35	0.799257104	0
4.36	0.800565397	0
4.37	0.801872641	0
4.38	0.803178838	0
4.39	0.80448399	0
4.4	0.805788101	0
4.41	0.807091171	0
4.42	0.808393204	0
4.43	0.809694202	0
4.44	0.810994167	0
4.45	0.8122931	0
4.46	0.813591006	0
4.47	0.814887885	0
4.48	0.81618374	0
4.49	0.817478573	0
4.5	0.818772387	0
4.51	0.820065183	0
4.52	0.821356964	0
4.53	0.822647731	0
4.54	0.823937488	0
4.55	0.825226236	0
4.56	0.826513977	0
4.57	0.827800713	0
4.58	0.829086447	0
4.59	0.830371181	0
4.6	0.831654916	0
4.61	0.832937655	0
4.62	0.8342194	0
4.63	0.835500153	0
4.64	0.836779915	0
4.65	0.83805869	0
4.66	0.839336479	0
4.67	0.840613283	0
4.68	0.841889106	0
4.69	0.843163949	0
4.7	0.844437813	0
4.71	0.845710702	0
4.72	0.846982617	0
4.73	0.848253559	0
4.74	0.849523531	0
4.75	0.850792535	0
4.76	0.852060573	0
4.77	0.853327646	0
4.78	0.854593757	0
4.79	0.855858907	0
4.8	0.857123098	0
4.81	0.858386333	0
4.82	0.859648613	0
4.83	0.860909939	0
4.84	0.862170314	0
4.85	0.86342974	0
4.86	0.864688218	0
4.87	0.865945751	0
4.88	0.867202339	0
4.89	0.868457986	0
4.9	0.869712692	0
4.91	0.870966459	0
4.92	0.87221929	0
4.93	0.873471186	0
4.94	0.874722148	0
4.95	0.875972179	0
4.96	0.877221281	0
4.97	0.878469454	0
4.98	0.879716701	0
4.99	0.880963024	0
5	0.882208423	0
5.01	0.883452902	0
5.02	0.884696461	0
5.03	0.885939102	0
5.04	0.887180828	0
5.05	0.888421639	0
5.06	0.889661537	0
5.07	0.890900524	0
5.08	0.892138602	0
5.09	0.893375772	0
5.1	0.894612036	0
5.11	0.895847395	0
5.12	0.897081852	0
5.13	0.898315407	0
5.14	0.899548063	0
5.15	0.90077982	0
5.16	0.902010681	0
5.17	0.903240647	0
5.18	0.90446972	0
5.19	0.905697901	0
5.2	0.906925192	0
5.21	0.908151594	0
5.22	0.909377109	0
5.23	0.910601739	0
5.24	0.911825485	0
5.25	0.913048348	0
5.26	0.91427033	0
5.27	0.915491433	0
5.28	0.916711657	0
5.29	0.917931005	0
5.3	0.919149479	0
5.31	0.920367078	0
5.32	0.921583806	0
5.33	0.922799663	0
5.34	0.924014652	0
5.35	0.925228772	0
5.36	0.926442026	0
5.37	0.927654416	0
5.38	0.928865942	0
5.39	0.930076607	0
5.4	0.931286411	0
5.41	0.932495356	0
5.42	0.933703444	0
5.43	0.934910675	0
5.44	0.936117051	0
5.45	0.937322574	0
5.46	0.938527246	0
5.47	0.939731066	0
5.48	0.940934037	0
5.49	0.942136161	0
5.5	0.943337437	0
5.51	0.944537869	0
5.52	0.945737457	0
5.53	0.946936202	0
5.54	0.948134107	0
5.55	0.949331171	0
5.56	0.950527397	0
5.57	0.951722786	0
5.58	0.952917339	0
5.59	0.954111058	0
5.6	0.955303943	0
5.61	0.956495996	0
5.62	0.957687219	0
5.63	0.958877613	0
5.64	0.960067178	0
5.65	0.961255917	0
5.66	0.96244383	0
5.67	0.963630919	0
5.68	0.964817185	0
5.69	0.966002629	0
5.7	0.967187253	0
5.71	0.968371057	0
5.72	0.969554044	0
5.73	0.970736214	0
5.74	0.971917568	0
5.75	0.973098108	0
5.76	0.974277835	0
5.77	0.97545675	0
5.78	0.976634854	0
5.79	0.977812149	0
5.8	0.978988636	0
5.81	0.980164316	0
5.82	0.981339189	0
5.83	0.982513258	0
5.84	0.983686524	0
5.85	0.984858987	0
5.86	0.986030649	0
5.87	0.987201511	0
5.88	0.988371574	0
5.89	0.989540839	0
5.9	0.990709308	0
5.91	0.991876981	0
5.92	0.99304386	0
5.93	0.994209946	0
5.94	0.99537524	0
5.95	0.996539743	0
5.96	0.997703456	0
5.97	0.998866381	0
5.98	1.000028518	0
5.99	1.001189868	0
6	1.002350433	0
6.01	1.003510214	0
6.02	1.004669212	0
6.03	1.005827427	0
6.04	1.006984862	0
6.05	1.008141517	0
6.06	1.009297393	0
6.07	1.010452491	0
6.08	1.011606812	0
6.09	1.012760358	0
6.1	1.013913129	0
6.11	1.015065126	0
6.12	1.016216352	0
6.13	1.017366805	0
6.14	1.018516488	0
6.15	1.019665402	0
6.16	1.020813548	0
6.17	1.021960926	0
6.18	1.023107538	0
6.19	1.024253384	0
6.2	1.025398466	0
6.21	1.026542785	0
6.22	1.027686342	0
6.23	1.028829138	0
6.24	1.029971173	0
6.25	1.031112449	0
6.26	1.032252966	0
6.27	1.033392727	0
6.28	1.034531731	0
6.29	1.035669979	0
6.3	1.036807474	0
6.31	1.037944215	0
6.32	1.039080203	0
6.33	1.04021544	0
6.34	1.041349927	0
6.35	1.042483663	0
6.36	1.043616652	0
6.37	1.044748892	0
6.38	1.045880386	0
6.39	1.047011135	0
6.4	1.048141138	0
6.41	1.049270397	0
6.42	1.050398914	0
6.43	1.051526688	0
6.44	1.052653721	0
6.45	1.053780014	0
6.46	1.054905567	0
6.47	1.056030383	0
6.48	1.05715446	0
6.49	1.058277801	0
6.5	1.059400407	0
6.51	1.060522277	0
6.52	1.061643414	0
6.53	1.062763817	0
6.54	1.063883489	0
6.55	1.065002429	0
6.56	1.066120638	0
6.57	1.067238118	0
6.58	1.06835487	0
6.59	1.069470894	0
6.6	1.07058619	0
6.61	1.071700761	0
6.62	1.072814607	0
6.63	1.073927728	0
6.64	1.075040125	0
6.65	1.0761518	0
6.66	1.077262753	0
6.67	1.078372985	0
6.68	1.079482497	0
6.69	1.08059129	0
6.7	1.081699364	0
6.71	1.082806721	0
6.72	1.08391336	0
6.73	1.085019284	0
6.74	1.086124492	0
6.75	1.087228986	0
6.76	1.088332767	0
6.77	1.089435835	0
6.78	1.09053819	0
6.79	1.091639835	0
6.8	1.092740769	0
6.81	1.093840993	0
6.82	1.094940509	0
6.83	1.096039317	0
6.84	1.097137417	0
6.85	1.098234812	0
6.86	1.0993315	0
6.87	1.100427484	0
6.88	1.101522763	0
6.89	1.102617339	0
6.9	1.103711213	0
6.91	1.104804384	0
6.92	1.105896855	0
6.93	1.106988625	0
6.94	1.108079696	0
6.95	1.109170068	0
6.96	1.110259742	0
6.97	1.111348719	0
6.98	1.112436999	0
6.99	1.113524584	0
7	1.114611473	0
7.01	1.115697668	0
7.02	1.116783169	0
7.03	1.117867978	0
7.04	1.118952094	0
7.05	1.120035519	0
7.06	1.121118253	0
7.07	1.122200298	0
7.08	1.123281652	0
7.09	1.124362319	0
7.1	1.125442297	0
7.11	1.126521589	0
7.12	1.127600194	0
7.13	1.128678113	0
7.14	1.129755347	0
7.15	1.130831897	0
7.16	1.131907763	0
7.17	1.132982946	0
7.18	1.134057447	0
7.19	1.135131267	0
7.2	1.136204405	0
7.21	1.137276863	0
7.22	1.138348642	0
7.23	1.139419742	0
7.24	1.140490163	0
7.25	1.141559907	0
7.26	1.142628974	0
7.27	1.143697365	0
7.28	1.144765081	0
7.29	1.145832121	0
7.3	1.146898487	0
7.31	1.14796418	0
7.32	1.1490292	0
7.33	1.150093547	0
7.34	1.151157223	0
7.35	1.152220228	0
7.36	1.153282563	0
7.37	1.154344228	0
7.38	1.155405223	0
7.39	1.156465551	0
7.4	1.15752521	0
7.41	1.158584203	0
7.42	1.159642529	0
7.43	1.160700188	0
7.44	1.161757183	0
7.45	1.162813513	0
7.46	1.163869179	0
7.47	1.164924181	0
7.48	1.165978521	0
7.49	1.167032198	0
7.5	1.168085214	0
7.51	1.169137569	0
7.52	1.170189263	0
7.53	1.171240297	0
7.54	1.172290673	0
7.55	1.173340389	0
7.56	1.174389448	0
7.57	1.175437849	0
7.58	1.176485594	0
7.59	1.177532682	0
7.6	1.178579114	0
7.61	1.179624892	0
7.62	1.180670015	0
7.63	1.181714483	0
7.64	1.182758299	0
7.65	1.183801462	0
7.66	1.184843972	0
7.67	1.185885831	0
7.68	1.186927039	0
7.69	1.187967597	0
7.7	1.189007504	0
7.71	1.190046762	0
7.72	1.191085371	0
7.73	1.192123332	0
7.74	1.193160646	0
7.75	1.194197312	0
7.76	1.195233331	0
7.77	1.196268705	0
7.78	1.197303433	0
7.79	1.198337515	0
7.8	1.199370954	0
7.81	1.200403749	0
7.82	1.2014359	0
7.83	1.202467408	0
7.84	1.203498274	0
7.85	1.204528499	0
7.86	1.205558082	0
7.87	1.206587024	0
7.88	1.207615326	0
7.89	1.208642989	0
7.9	1.209670012	0
7.91	1.210696397	0
7.92	1.211722144	0
7.93	1.212747253	0
7.94	1.213771725	0
7.95	1.21479556	0
7.96	1.21581876	0
7.97	1.216841324	0
7.98	1.217863252	0
7.99	1.218884547	0
8	1.219905207	0
8.01	1.220925234	0
8.02	1.221944627	0
8.03	1.222963388	0
8.04	1.223981517	0
8.05	1.224999015	0
8.06	1.226015881	0
8.07	1.227032117	0
8.08	1.228047723	0
8.09	1.229062699	0
8.1	1.230077046	0
8.11	1.231090764	0
8.12	1.232103854	0
8.13	1.233116316	0
8.14	1.234128151	0
8.15	1.23513936	0
8.16	1.236149942	0
8.17	1.237159898	0
8.18	1.238169229	0
8.19	1.239177935	0
8.2	1.240186016	0
8.21	1.241193474	0
8.22	1.242200308	0
8.23	1.243206519	0
8.24	1.244212108	0
8.25	1.245217074	0
8.26	1.246221418	0
8.27	1.247225142	0
8.28	1.248228244	0
8.29	1.249230727	0
8.3	1.250232589	0
8.31	1.251233832	0
8.32	1.252234455	0
8.33	1.253234461	0
8.34	1.254233848	0
8.35	1.255232617	0
8.36	1.256230769	0
8.37	1.257228305	0
8.38	1.258225224	0
8.39	1.259221526	0
8.4	1.260217214	0
8.41	1.261212286	0
8.42	1.262206744	0
8.43	1.263200587	0
8.44	1.264193816	0
8.45	1.265186432	0
8.46	1.266178435	0
8.47	1.267169825	0
8.48	1.268160604	0
8.49	1.26915077	0
8.5	1.270140325	0
8.51	1.271129269	0
8.52	1.272117602	0
8.53	1.273105326	0
8.54	1.274092439	0
8.55	1.275078944	0
8.56	1.276064839	0
8.57	1.277050126	0
8.58	1.278034804	0
8.59	1.279018875	0
8.6	1.280002339	0
8.61	1.280985195	0
8.62	1.281967445	0
8.63	1.282949089	0
8.64	1.283930127	0
8.65	1.284910559	0
8.66	1.285890387	0
8.67	1.28686961	0
8.68	1.287848228	0
8.69	1.288826243	0
8.7	1.289803654	0
8.71	1.290780463	0
8.72	1.291756668	0
8.73	1.292732271	0
8.74	1.293707272	0
8.75	1.294681671	0
8.76	1.295655469	0
8.77	1.296628667	0
8.78	1.297601263	0
8.79	1.29857326	0
8.8	1.299544656	0
8.81	1.300515454	0
8.82	1.301485652	0
8.83	1.302455251	0
8.84	1.303424252	0
8.85	1.304392655	0
8.86	1.30536046	0
8.87	1.306327668	0
8.88	1.307294279	0
8.89	1.308260294	0
8.9	1.309225712	0
8.91	1.310190534	0
8.92	1.311154761	0
8.93	1.312118392	0
8.94	1.313081429	0
8.95	1.314043871	0
8.96	1.315005719	0
8.97	1.315966973	0
8.98	1.316927633	0
8.99	1.3178877	0
9	1.318847175	0
9.01	1.319806056	0
9.02	1.320764346	0
9.03	1.321722044	0
9.04	1.32267915	0
9.05	1.323635664	0
9.06	1.324591588	0
9.07	1.325546922	0
9.08	1.326501665	0
9.09	1.327455818	0
9.1	1.328409382	0
9.11	1.329362356	0
9.12	1.330314741	0
9.13	1.331266538	0
9.14	1.332217746	0
9.15	1.333168366	0
9.16	1.334118398	0
9.17	1.335067843	0
9.18	1.336016701	0
9.19	1.336964972	0
9.2	1.337912657	0
9.21	1.338859755	0
9.22	1.339806268	0
9.23	1.340752194	0
9.24	1.341697536	0
9.25	1.342642292	0
9.26	1.343586464	0
9.27	1.344530051	0
9.28	1.345473054	0
9.29	1.346415474	0
9.3	1.34735731	0
9.31	1.348298562	0
9.32	1.349239232	0
9.33	1.350179319	0
9.34	1.351118823	0
9.35	1.352057745	0
9.36	1.352996086	0
9.37	1.353933845	0
9.38	1.354871023	0
9.39	1.355807619	0
9.4	1.356743635	0
9.41	1.357679071	0
9.42	1.358613926	0
9.43	1.359548202	0
9.44	1.360481898	0
9.45	1.361415015	0
9.46	1.362347552	0
9.47	1.363279511	0
9.48	1.364210891	0
9.49	1.365141693	0
9.5	1.366071917	0
9.51	1.367001563	0
9.52	1.367930632	0
9.53	1.368859123	0
9.54	1.369787037	0
9.55	1.370714375	0
9.56	1.371641137	0
9.57	1.372567322	0
9.58	1.373492931	0
9.59	1.374417964	0
9.6	1.375342422	0
9.61	1.376266305	0
9.62	1.377189613	0
9.63	1.378112347	0
9.64	1.379034505	0
9.65	1.37995609	0
9.66	1.380877101	0
9.67	1.381797538	0
9.68	1.382717401	0
9.69	1.383636692	0
9.7	1.384555409	0
9.71	1.385473553	0
9.72	1.386391126	0
9.73	1.387308125	0
9.74	1.388224553	0
9.75	1.389140409	0
9.76	1.390055693	0
9.77	1.390970406	0
9.78	1.391884548	0
9.79	1.392798119	0
9.8	1.39371112	0
9.81	1.39462355	0
9.82	1.395535409	0
9.83	1.396446699	0
9.84	1.397357419	0
9.85	1.39826757	0
9.86	1.399177151	0
9.87	1.400086163	0
9.88	1.400994606	0
9.89	1.40190248	0
9.9	1.402809786	0
9.91	1.403716524	0
9.92	1.404622694	0
9.93	1.405528296	0
9.94	1.40643333	0
9.95	1.407337797	0
9.96	1.408241697	0
9.97	1.409145029	0
9.98	1.410047795	0
9.99	1.410949995	0
10	1.411851628	0
10.01	1.412752695	0
10.02	1.413653196	0
10.03	1.414553131	0
10.04	1.4154525	0
10.05	1.416351304	0
10.06	1.417249543	0
10.07	1.418147218	0
10.08	1.419044327	0
10.09	1.419940871	0
10.1	1.420836852	0
10.11	1.421732268	0
10.12	1.42262712	0
10.13	1.423521408	0
10.14	1.424415132	0
10.15	1.425308293	0
10.16	1.426200891	0
10.17	1.427092926	0
10.18	1.427984398	0
10.19	1.428875307	0
10.2	1.429765653	0
10.21	1.430655438	0
10.22	1.431544659	0
10.23	1.432433319	0
10.24	1.433321418	0
10.25	1.434208954	0
10.26	1.435095929	0
10.27	1.435982343	0
10.28	1.436868195	0
10.29	1.437753486	0
10.3	1.438638217	0
10.31	1.439522387	0
10.32	1.440405997	0
10.33	1.441289046	0
10.34	1.442171535	0
10.35	1.443053464	0
10.36	1.443934834	0
10.37	1.444815643	0
10.38	1.445695893	0
10.39	1.446575584	0
10.4	1.447454716	0
10.41	1.448333289	0
10.42	1.449211302	0
10.43	1.450088757	0
10.44	1.450965654	0
10.45	1.451841992	0
10.46	1.452717772	0
10.47	1.453592993	0
10.48	1.454467657	0
10.49	1.455341763	0
10.5	1.456215311	0
10.51	1.457088302	0
10.52	1.457960735	0
10.53	1.458832611	0
10.54	1.45970393	0
10.55	1.460574693	0
10.56	1.461444898	0
10.57	1.462314546	0
10.58	1.463183639	0
10.59	1.464052174	0
10.6	1.464920154	0
10.61	1.465787577	0
10.62	1.466654444	0
10.63	1.467520756	0
10.64	1.468386512	0
10.65	1.469251712	0
10.66	1.470116356	0
10.67	1.470980446	0
10.68	1.47184398	0
10.69	1.472706959	0
10.7	1.473569383	0
10.71	1.474431253	0
10.72	1.475292567	0
10.73	1.476153327	0
10.74	1.477013533	0
10.75	1.477873184	0
10.76	1.478732281	0
10.77	1.479590824	0
10.78	1.480448812	0
10.79	1.481306247	0
10.8	1.482163129	0
10.81	1.483019456	0
10.82	1.48387523	0
10.83	1.484730451	0
10.84	1.485585118	0
10.85	1.486439232	0
10.86	1.487292793	0
10.87	1.488145801	0
10.88	1.488998256	0
10.89	1.489850159	0
10.9	1.490701508	0
10.91	1.491552306	0
10.92	1.49240255	0
10.93	1.493252243	0
10.94	1.494101383	0
10.95	1.49494997	0
10.96	1.495798006	0
10.97	1.49664549	0
10.98	1.497492422	0
10.99	1.498338802	0
11	1.49918463	0
11.01	1.500029907	0
11.02	1.500874633	0
11.03	1.501718807	0
11.04	1.502562429	0
11.05	1.5034055	0
11.06	1.504248021	0
11.07	1.50508999	0
11.08	1.505931408	0
11.09	1.506772275	0
11.1	1.507612592	0
11.11	1.508452357	0
11.12	1.509291573	0
11.13	1.510130237	0
11.14	1.510968351	0
11.15	1.511805915	0
11.16	1.512642928	0
11.17	1.513479391	0
11.18	1.514315304	0
11.19	1.515150667	0
11.2	1.515985479	0
11.21	1.516819742	0
11.22	1.517653455	0
11.23	1.518486618	0
11.24	1.519319231	0
11.25	1.520151295	0
11.26	1.520982809	0
11.27	1.521813773	0
11.28	1.522644188	0
11.29	1.523474054	0
11.3	1.52430337	0
11.31	1.525132137	0
11.32	1.525960354	0
11.33	1.526788023	0
11.34	1.527615142	0
11.35	1.528441712	0
11.36	1.529267734	0
11.37	1.530093206	0
11.38	1.530918129	0
11.39	1.531742504	0
11.4	1.53256633	0
11.41	1.533389607	0
11.42	1.534212335	0
11.43	1.535034515	0
11.44	1.535856146	0
11.45	1.536677229	0
11.46	1.537497763	0
11.47	1.538317748	0
11.48	1.539137185	0
11.49	1.539956074	0
11.5	1.540774415	0
11.51	1.541592207	0
11.52	1.542409451	0
11.53	1.543226147	0
11.54	1.544042295	0
11.55	1.544857894	0
11.56	1.545672945	0
11.57	1.546487449	0
11.58	1.547301404	0
11.59	1.548114812	0
11.6	1.548927671	0
11.61	1.549739982	0
11.62	1.550551746	0
11.63	1.551362962	0
11.64	1.55217363	0
11.65	1.55298375	0
11.66	1.553793322	0
11.67	1.554602347	0
11.68	1.555410823	0
11.69	1.556218752	0
11.7	1.557026134	0
11.71	1.557832968	0
11.72	1.558639254	0
11.73	1.559444992	0
11.74	1.560250183	0
11.75	1.561054826	0
11.76	1.561858922	0
11.77	1.56266247	0
11.78	1.56346547	0
11.79	1.564267923	0
11.8	1.565069829	0
11.81	1.565871187	0
11.82	1.566671997	0
11.83	1.56747226	0
11.84	1.568271976	0
11.85	1.569071144	0
11.86	1.569869764	0
11.87	1.570667837	0
11.88	1.571465363	0
11.89	1.572262341	0
11.9	1.573058771	0
11.91	1.573854655	0
11.92	1.57464999	0
11.93	1.575444779	0
11.94	1.576239019	0
11.95	1.577032712	0
11.96	1.577825858	0
11.97	1.578618457	0
11.98	1.579410507	0
11.99	1.580202011	0
12	1.580992966	0
12.01	1.581783375	0
12.02	1.582573235	0
12.03	1.583362549	0
12.04	1.584151314	0
12.05	1.584939532	0
12.06	1.585727203	0
12.07	1.586514326	0
12.08	1.587300901	0
12.09	1.588086929	0
12.1	1.588872409	0
12.11	1.589657341	0
12.12	1.590441726	0
12.13	1.591225563	0
12.14	1.592008852	0
12.15	1.592791593	0
12.16	1.593573787	0
12.17	1.594355432	0
12.18	1.59513653	0
12.19	1.595917081	0
12.2	1.596697083	0
12.21	1.597476537	0
12.22	1.598255443	0
12.23	1.599033801	0
12.24	1.599811612	0
12.25	1.600588874	0
12.26	1.601365588	0
12.27	1.602141754	0
12.28	1.602917372	0
12.29	1.603692441	0
12.3	1.604466963	0
12.31	1.605240936	0
12.32	1.60601436	0
12.33	1.606787237	0
12.34	1.607559564	0
12.35	1.608331344	0
12.36	1.609102575	0
12.37	1.609873257	0
12.38	1.610643391	0
12.39	1.611412976	0
12.4	1.612182012	0
12.41	1.6129505	0
12.42	1.613718439	0
12.43	1.614485828	0
12.44	1.615252669	0
12.45	1.616018961	0
12.46	1.616784704	0
12.47	1.617549898	0
12.48	1.618314543	0
12.49	1.619078639	0
12.5	1.619842185	0
12.51	1.620605182	0
12.52	1.621367629	0
12.53	1.622129527	0
12.54	1.622890876	0
12.55	1.623651675	0
12.56	1.624411924	0
12.57	1.625171624	0
12.58	1.625930773	0
12.59	1.626689373	0
12.6	1.627447423	0
12.61	1.628204923	0
12.62	1.628961873	0
12.63	1.629718273	0
12.64	1.630474122	0
12.65	1.631229421	0
12.66	1.63198417	0
12.67	1.632738368	0
12.68	1.633492016	0
12.69	1.634245113	0
12.7	1.634997659	0
12.71	1.635749655	0
12.72	1.636501099	0
12.73	1.637251993	0
12.74	1.638002336	0
12.75	1.638752127	0
12.76	1.639501368	0
12.77	1.640250056	0
12.78	1.640998194	0
12.79	1.64174578	0
12.8	1.642492814	0
12.81	1.643239297	0
12.82	1.643985228	0
12.83	1.644730607	0
12.84	1.645475434	0
12.85	1.646219709	0
12.86	1.646963432	0
12.87	1.647706602	0
12.88	1.64844922	0
12.89	1.649191286	0
12.9	1.649932799	0
12.91	1.650673759	0
12.92	1.651414167	0
12.93	1.652154021	0
12.94	1.652893323	0
12.95	1.653632071	0
12.96	1.654370266	0
12.97	1.655107908	0
12.98	1.655844997	0
12.99	1.656581531	0
13	1.657317512	0
13.01	1.658052939	0
13.02	1.658787813	0
13.03	1.659522132	0
13.04	1.660255897	0
13.05	1.660989108	0
13.06	1.661721764	0
13.07	1.662453866	0
13.08	1.663185413	0
13.09	1.663916405	0
13.1	1.664646842	0
13.11	1.665376725	0
13.12	1.666106052	0
13.13	1.666834824	0
13.14	1.66756304	0
13.15	1.668290701	0
13.16	1.669017806	0
13.17	1.669744355	0
13.18	1.670470348	0
13.19	1.671195785	0
13.2	1.671920666	0
13.21	1.672644991	0
13.22	1.673368758	0
13.23	1.67409197	0
13.24	1.674814624	0
13.25	1.675536721	0
13.26	1.676258262	0
13.27	1.676979245	0
13.28	1.67769967	0
13.29	1.678419538	0
13.3	1.679138848	0
13.31	1.679857601	0
13.32	1.680575795	0
13.33	1.681293431	0
13.34	1.682010509	0
13.35	1.682727029	0
13.36	1.683442989	0
13.37	1.684158391	0
13.38	1.684873234	0
13.39	1.685587518	0
13.4	1.686301243	0
13.41	1.687014408	0
13.42	1.687727013	0
13.43	1.688439059	0
13.44	1.689150545	0
13.45	1.68986147	0
13.46	1.690571836	0
13.47	1.69128164	0
13.48	1.691990885	0
13.49	1.692699568	0
13.5	1.69340769	0
13.51	1.694115252	0
13.52	1.694822251	0
13.53	1.69552869	0
13.54	1.696234566	0
13.55	1.696939881	0
13.56	1.697644634	0
13.57	1.698348824	0
13.58	1.699052452	0
13.59	1.699755518	0
13.6	1.70045802	0
13.61	1.70115996	0
13.62	1.701861336	0
13.63	1.702562149	0
13.64	1.703262399	0
13.65	1.703962084	0
13.66	1.704661206	0
13.67	1.705359763	0
13.68	1.706057757	0
13.69	1.706755185	0
13.7	1.707452049	0
13.71	1.708148348	0
13.72	1.708844082	0
13.73	1.70953925	0
13.74	1.710233853	0
13.75	1.71092789	0
13.76	1.711621361	0
13.77	1.712314265	0
13.78	1.713006604	0
13.79	1.713698376	0
13.8	1.71438958	0
13.81	1.715080218	0
13.82	1.715770289	0
13.83	1.716459792	0
13.84	1.717148727	0
13.85	1.717837095	0
13.86	1.718524894	0
13.87	1.719212125	0
13.88	1.719898787	0
13.89	1.720584881	0
13.9	1.721270405	0
13.91	1.72195536	0
13.92	1.722639746	0
13.93	1.723323562	0
13.94	1.724006808	0
13.95	1.724689483	0
13.96	1.725371588	0
13.97	1.726053123	0
13.98	1.726734087	0
13.99	1.727414479	0
14	1.7280943	0
14.01	1.728773549	0
14.02	1.729452227	0
14.03	1.730130332	0
14.04	1.730807865	0
14.05	1.731484826	0
14.06	1.732161213	0
14.07	1.732837027	0
14.08	1.733512268	0
14.09	1.734186935	0
14.1	1.734861029	0
14.11	1.735534548	0
14.12	1.736207493	0
14.13	1.736879863	0
14.14	1.737551658	0
14.15	1.738222878	0
14.16	1.738893522	0
14.17	1.739563591	0
14.18	1.740233084	0
14.19	1.740902	0
14.2	1.74157034	0
14.21	1.742238103	0
14.22	1.74290529	0
14.23	1.743571898	0
14.24	1.744237929	0
14.25	1.744903382	0
14.26	1.745568257	0
14.27	1.746232554	0
14.28	1.746896271	0
14.29	1.74755941	0
14.3	1.748221969	0
14.31	1.748883949	0
14.32	1.749545349	0
14.33	1.750206168	0
14.34	1.750866408	0
14.35	1.751526066	0
14.36	1.752185143	0
14.37	1.752843639	0
14.38	1.753501553	0
14.39	1.754158885	0
14.4	1.754815635	0
14.41	1.755471803	0
14.42	1.756127387	0
14.43	1.756782389	0
14.44	1.757436806	0
14.45	1.75809064	0
14.46	1.75874389	0
14.47	1.759396556	0
14.48	1.760048637	0
14.49	1.760700132	0
14.5	1.761351043	0
14.51	1.762001367	0
14.52	1.762651106	0
14.53	1.763300258	0
14.54	1.763948824	0
14.55	1.764596802	0
14.56	1.765244193	0
14.57	1.765890997	0
14.58	1.766537213	0
14.59	1.76718284	0
14.6	1.767827879	0
14.61	1.768472328	0
14.62	1.769116189	0
14.63	1.76975946	0
14.64	1.77040214	0
14.65	1.771044231	0
14.66	1.77168573	0
14.67	1.772326639	0
14.68	1.772966956	0
14.69	1.773606682	0
14.7	1.774245815	0
14.71	1.774884357	0
14.72	1.775522305	0
14.73	1.77615966	0
14.74	1.776796422	0
14.75	1.777432589	0
14.76	1.778068163	0
14.77	1.778703142	0
14.78	1.779337526	0
14.79	1.779971314	0
14.8	1.780604507	0
14.81	1.781237104	0
14.82	1.781869104	0
14.83	1.782500508	0
14.84	1.783131314	0
14.85	1.783761523	0
14.86	1.784391134	0
14.87	1.785020147	0
14.88	1.78564856	0
14.89	1.786276375	0
14.9	1.78690359	0
14.91	1.787530206	0
14.92	1.788156221	0
14.93	1.788781635	0
14.94	1.789406448	0
14.95	1.79003066	0
14.96	1.79065427	0
14.97	1.791277278	0
14.98	1.791899683	0
14.99	1.792521485	0
15	1.793142683	0
15.01	1.793763278	0
15.02	1.794383268	0
15.03	1.795002653	0
15.04	1.795621434	0
15.05	1.796239608	0
15.06	1.796857177	0
15.07	1.79747414	0
15.08	1.798090495	0
15.09	1.798706244	0
15.1	1.799321384	0
15.11	1.799935917	0
15.12	1.800549841	0
15.13	1.801163156	0
15.14	1.801775862	0
15.15	1.802387958	0
15.16	1.802999443	0
15.17	1.803610318	0
15.18	1.804220582	0
15.19	1.804830234	0
15.2	1.805439273	0
15.21	1.806047701	0
15.22	1.806655515	0
15.23	1.807262716	0
15.24	1.807869303	0
15.25	1.808475276	0
15.26	1.809080634	0
15.27	1.809685377	0
15.28	1.810289504	0
15.29	1.810893014	0
15.3	1.811495909	0
15.31	1.812098185	0
15.32	1.812699845	0
15.33	1.813300886	0
15.34	1.813901308	0
15.35	1.814501112	0
15.36	1.815100296	0
15.37	1.81569886	0
15.38	1.816296803	0
15.39	1.816894125	0
15.4	1.817490826	0
15.41	1.818086905	0
15.42	1.818682361	0
15.43	1.819277195	0
15.44	1.819871404	0
15.45	1.82046499	0
15.46	1.821057951	0
15.47	1.821650288	0
15.48	1.822241998	0
15.49	1.822833083	0
15.5	1.823423541	0
15.51	1.824013371	0
15.52	1.824602575	0
15.53	1.82519115	0
15.54	1.825779096	0
15.55	1.826366413	0
15.56	1.826953101	0
15.57	1.827539158	0
15.58	1.828124584	0
15.59	1.828709379	0
15.6	1.829293542	0
15.61	1.829877073	0
15.62	1.83045997	0
15.63	1.831042234	0
15.64	1.831623864	0
15.65	1.832204859	0
15.66	1.832785219	0
15.67	1.833364944	0
15.68	1.833944031	0
15.69	1.834522482	0
15.7	1.835100296	0
15.71	1.835677471	0
15.72	1.836254008	0
15.73	1.836829906	0
15.74	1.837405164	0
15.75	1.837979781	0
15.76	1.838553757	0
15.77	1.839127092	0
15.78	1.839699785	0
15.79	1.840271835	0
15.8	1.840843242	0
15.81	1.841414005	0
15.82	1.841984123	0
15.83	1.842553596	0
15.84	1.843122423	0
15.85	1.843690604	0
15.86	1.844258138	0
15.87	1.844825025	0
15.88	1.845391263	0
15.89	1.845956852	0
15.9	1.846521792	0
15.91	1.847086082	0
15.92	1.847649721	0
15.93	1.848212709	0
15.94	1.848775044	0
15.95	1.849336727	0
15.96	1.849897757	0
15.97	1.850458133	0
15.98	1.851017854	0
15.99	1.85157692	0
16	1.85213533	0
16.01	1.852693084	0
16.02	1.85325018	0
16.03	1.853806618	0
16.04	1.854362398	0
16.05	1.854917519	0
16.06	1.855471979	0
16.07	1.856025779	0
16.08	1.856578918	0
16.09	1.857131395	0
16.1	1.857683209	0
16.11	1.85823436	0
16.12	1.858784847	0
16.13	1.859334669	0
16.14	1.859883825	0
16.15	1.860432316	0
16.16	1.860980139	0
16.17	1.861527295	0
16.18	1.862073783	0
16.19	1.862619601	0
16.2	1.86316475	0
16.21	1.863709228	0
16.22	1.864253036	0
16.23	1.864796171	0
16.24	1.865338633	0
16.25	1.865880422	0
16.26	1.866421537	0
16.27	1.866961977	0
16.28	1.867501742	0
16.29	1.86804083	0
16.3	1.86857924	0
16.31	1.869116973	0
16.32	1.869654027	0
16.33	1.870190402	0
16.34	1.870726096	0
16.35	1.871261109	0
16.36	1.87179544	0
16.37	1.872329089	0
16.38	1.872862054	0
16.39	1.873394335	0
16.4	1.873925931	0
16.41	1.874456841	0
16.42	1.874987065	0
16.43	1.875516601	0
16.44	1.876045449	0
16.45	1.876573608	0
16.46	1.877101077	0
16.47	1.877627855	0
16.48	1.878153941	0
16.49	1.878679336	0
16.5	1.879204036	0
16.51	1.879728043	0
16.52	1.880251355	0
16.53	1.880773971	0
16.54	1.881295891	0
16.55	1.881817113	0
16.56	1.882337636	0
16.57	1.88285746	0
16.58	1.883376585	0
16.59	1.883895008	0
16.6	1.884412729	0
16.61	1.884929747	0
16.62	1.885446062	0
16.63	1.885961672	0
16.64	1.886476577	0
16.65	1.886990775	0
16.66	1.887504266	0
16.67	1.888017049	0
16.68	1.888529123	0
16.69	1.889040486	0
16.7	1.889551139	0
16.71	1.890061079	0
16.72	1.890570307	0
16.73	1.891078821	0
16.74	1.89158662	0
16.75	1.892093703	0
16.76	1.89260007	0
16.77	1.893105718	0
16.78	1.893610649	0
16.79	1.894114859	0
16.8	1.894618349	0
16.81	1.895121118	0
16.82	1.895623164	0
16.83	1.896124486	0
16.84	1.896625084	0
16.85	1.897124956	0
16.86	1.897624101	0
16.87	1.898122519	0
16.88	1.898620208	0
16.89	1.899117168	0
16.9	1.899613396	0
16.91	1.900108893	0
16.92	1.900603657	0
16.93	1.901097688	0
16.94	1.901590983	0
16.95	1.902083542	0
16.96	1.902575365	0
16.97	1.903066449	0
16.98	1.903556794	0
16.99	1.904046398	0
17	1.904535262	0
17.01	1.905023382	0
17.02	1.905510759	0
17.03	1.905997392	0
17.04	1.906483278	0
17.05	1.906968418	0
17.06	1.907452809	0
17.07	1.907936451	0
17.08	1.908419343	0
17.09	1.908901483	0
17.1	1.909382871	0
17.11	1.909863505	0
17.12	1.910343383	0
17.13	1.910822506	0
17.14	1.911300871	0
17.15	1.911778477	0
17.16	1.912255324	0
17.17	1.91273141	0
17.18	1.913206733	0
17.19	1.913681293	0
17.2	1.914155089	0
17.21	1.914628118	0
17.22	1.915100381	0
17.23	1.915571875	0
17.24	1.9160426	0
17.25	1.916512553	0
17.26	1.916981735	0
17.27	1.917450143	0
17.28	1.917917776	0
17.29	1.918384634	0
17.3	1.918850714	0
17.31	1.919316016	0
17.32	1.919780537	0
17.33	1.920244278	0
17.34	1.920707236	0
17.35	1.92116941	0
17.36	1.921630799	0
17.37	1.922091401	0
17.38	1.922551215	0
17.39	1.92301024	0
17.4	1.923468475	0
17.41	1.923925917	0
17.42	1.924382566	0
17.43	1.92483842	0
17.44	1.925293477	0
17.45	1.925747737	0
17.46	1.926201198	0
17.47	1.926653858	0
17.48	1.927105716	0
17.49	1.927556771	0
17.5	1.928007021	0
17.51	1.928456464	0
17.52	1.9289051	0
17.53	1.929352926	0
17.54	1.929799941	0
17.55	1.930246144	0
17.56	1.930691533	0
17.57	1.931136106	0
17.58	1.931579863	0
17.59	1.932022801	0
17.6	1.932464919	0
17.61	1.932906215	0
17.62	1.933346688	0
17.63	1.933786336	0
17.64	1.934225158	0
17.65	1.934663151	0
17.66	1.935100315	0
17.67	1.935536648	0
17.68	1.935972148	0
17.69	1.936406813	0
17.7	1.936840642	0
17.71	1.937273633	0
17.72	1.937705784	0
17.73	1.938137095	0
17.74	1.938567562	0
17.75	1.938997184	0
17.76	1.93942596	0
17.77	1.939853888	0
17.78	1.940280966	0
17.79	1.940707192	0
17.8	1.941132564	0
17.81	1.941557081	0
17.82	1.941980742	0
17.83	1.942403543	0
17.84	1.942825483	0
17.85	1.943246561	0
17.86	1.943666775	0
17.87	1.944086122	0
17.88	1.944504601	0
17.89	1.94492221	0
17.9	1.945338947	0
17.91	1.94575481	0
17.92	1.946169798	0
17.93	1.946583907	0
17.94	1.946997137	0
17.95	1.947409485	0
17.96	1.94782095	0
17.97	1.948231528	0
17.98	1.948641219	0
17.99	1.949050021	0
18	1.94945793	0
18.01	1.949864946	0
18.02	1.950271066	0
18.03	1.950676287	0
18.04	1.951080609	0
18.05	1.951484028	0
18.06	1.951886543	0
18.07	1.952288152	0
18.08	1.952688852	0
18.09	1.953088641	0
18.1	1.953487516	0
18.11	1.953885477	0
18.12	1.95428252	0
18.13	1.954678643	0
18.14	1.955073844	0
18.15	1.95546812	0
18.16	1.95586147	0
18.17	1.956253891	0
18.18	1.956645381	0
18.19	1.957035937	0
18.2	1.957425557	0
18.21	1.957814238	0
18.22	1.958201978	0
18.23	1.958588775	0
18.24	1.958974626	0
18.25	1.959359529	0
18.26	1.959743481	0
18.27	1.96012648	0
18.28	1.960508523	0
18.29	1.960889608	0
18.3	1.961269731	0
18.31	1.961648891	0
18.32	1.962027085	0
18.33	1.96240431	0
18.34	1.962780563	0
18.35	1.963155843	0
18.36	1.963530145	0
18.37	1.963903467	0
18.38	1.964275808	0
18.39	1.964647162	0
18.4	1.965017529	0
18.41	1.965386905	0
18.42	1.965755288	0
18.43	1.966122673	0
18.44	1.96648906	0
18.45	1.966854443	0
18.46	1.967218822	0
18.47	1.967582192	0
18.48	1.96794455	0
18.49	1.968305894	0
18.5	1.968666221	0
18.51	1.969025527	0
18.52	1.969383809	0
18.53	1.969741064	0
18.54	1.97009729	0
18.55	1.970452482	0
18.56	1.970806637	0
18.57	1.971159753	0
18.58	1.971511825	0
18.59	1.971862851	0
18.6	1.972212827	0
18.61	1.97256175	0
18.62	1.972909617	0
18.63	1.973256423	0
18.64	1.973602165	0
18.65	1.973946841	0
18.66	1.974290445	0
18.67	1.974632976	0
18.68	1.974974428	0
18.69	1.975314798	0
18.7	1.975654083	0
18.71	1.975992279	0
18.72	1.976329382	0
18.73	1.976665389	0
18.74	1.977000294	0
18.75	1.977334095	0
18.76	1.977666787	0
18.77	1.977998367	0
18.78	1.97832883	0
18.79	1.978658173	0
18.8	1.97898639	0
18.81	1.979313479	0
18.82	1.979639434	0
18.83	1.979964252	0
18.84	1.980287928	0
18.85	1.980610458	0
18.86	1.980931838	0
18.87	1.981252062	0
18.88	1.981571127	0
18.89	1.981889027	0
18.9	1.982205759	0
18.91	1.982521317	0
18.92	1.982835697	0
18.93	1.983148894	0
18.94	1.983460904	0
18.95	1.98377172	0
18.96	1.984081339	0
18.97	1.984389755	0
18.98	1.984696964	0
18.99	1.985002959	0
19	1.985307736	0
19.01	1.98561129	0
19.02	1.985913615	0
19.03	1.986214706	0
19.04	1.986514557	0
19.05	1.986813163	0
19.06	1.987110518	0
19.07	1.987406616	0
19.08	1.987701452	0
19.09	1.98799502	0
19.1	1.988287314	0
19.11	1.988578327	0
19.12	1.988868054	0
19.13	1.989156489	0
19.14	1.989443624	0
19.15	1.989729455	0
19.16	1.990013974	0
19.17	1.990297175	0
19.18	1.990579051	0
19.19	1.990859596	0
19.2	1.991138802	0
19.21	1.991416663	0
19.22	1.991693171	0
19.23	1.99196832	0
19.24	1.992242103	0
19.25	1.992514511	0
19.26	1.992785537	0
19.27	1.993055174	0
19.28	1.993323414	0
19.29	1.993590249	0
19.3	1.993855671	0
19.31	1.994119672	0
19.32	1.994382244	0
19.33	1.994643378	0
19.34	1.994903066	0
19.35	1.995161299	0
19.36	1.995418068	0
19.37	1.995673364	0
19.38	1.995927178	0
19.39	1.996179501	0
19.4	1.996430323	0
19.41	1.996679635	0
19.42	1.996927426	0
19.43	1.997173686	0
19.44	1.997418406	0
19.45	1.997661575	0
19.46	1.997903182	0
19.47	1.998143217	0
19.48	1.998381668	0
19.49	1.998618523	0
19.5	1.998853772	0
19.51	1.999087403	0
19.52	1.999319403	0
19.53	1.99954976	0
19.54	1.999778462	0
19.55	2.000005496	0
19.56	2.000230849	0
19.57	2.000454506	0
19.58	2.000676456	0
19.59	2.000896682	0
19.6	2.001115171	0
19.61	2.001331909	0
19.62	2.001546879	0
19.63	2.001760067	0
19.64	2.001971456	0
19.65	2.00218103	0
19.66	2.002388772	0
19.67	2.002594666	0
19.68	2.002798692	0
19.69	2.003000834	0
19.7	2.003201072	0
19.71	2.003399387	0
19.72	2.003595759	0
19.73	2.003790168	0
19.74	2.003982592	0
19.75	2.00417301	0
19.76	2.004361399	0
19.77	2.004547737	0
19.78	2.004731998	0
19.79	2.004914158	0
19.8	2.005094191	0
19.81	2.005272072	0
19.82	2.005447771	0
19.83	2.00562126	0
19.84	2.00579251	0
19.85	2.00596149	0
19.86	2.006128166	0
19.87	2.006292506	0
19.88	2.006454474	0
19.89	2.006614034	0
19.9	2.006771147	0
19.91	2.006925772	0
19.92	2.007077868	0
19.93	2.00722739	0
19.94	2.007374291	0
19.95	2.007518522	0
19.96	2.007660031	0
19.97	2.007798763	0
19.98	2.007934658	0
19.99	2.008067654	0
20	2.008197685	0
20.01	2.008324679	0
20.02	2.008448561	0
20.03	2.008569246	0
20.04	2.008686646	0
20.05	2.008800664	0
20.06	2.008911194	0
20.07	2.009018119	0
20.08	2.00912131	0
20.09	2.009220625	0
20.1	2.009315903	0
20.11	2.00940696	0
20.12	2.009493589	0
20.13	2.009575547	0
20.14	2.009652545	0
20.15	2.009724238	0
20.16	2.009790193	0
20.17	2.009849854	0
20.18	2.009902464	0
20.19	2.009946901	0
20.2	2.009981224	0
20.21	2.01	0
