0	0	0
0.01	0.007637213	0
0.02	0.012843407	0
0.03	0.017406904	0
0.04	0.021597248	0
0.05	0.025530172	0
0.06	0.029269311	0
0.07	0.032854541	0
0.08	0.036313002	0
0.09	0.039664259	0
0.1	0.042923018	0
0.11	0.046100702	0
0.12	0.049206416	0
0.13	0.052247567	0
0.14	0.055230292	0
0.15	0.058159747	0
0.16	0.061040319	0
0.17	0.063875782	0
0.18	0.066669415	0
0.19	0.069424088	0
0.2	0.072142334	0
0.21	0.074826403	0
0.22	0.077478304	0
0.23	0.080099842	0
0.24	0.082692647	0
0.25	0.085258196	0
0.26	0.087797836	0
0.27	0.090312795	0
0.28	0.0928042	0
0.29	0.09527309	0
0.3	0.097720421	0
0.31	0.100147079	0
0.32	0.102553886	0
0.33	0.104941605	0
0.34	0.10731095	0
0.35	0.109662586	0
0.36	0.111997136	0
0.37	0.114315183	0
0.38	0.116617277	0
0.39	0.118903933	0
0.4	0.121175639	0
0.41	0.123432854	0
0.42	0.125676012	0
0.43	0.127905524	0
0.44	0.13012178	0
0.45	0.13232515	0
0.46	0.134515985	0
0.47	0.13669462	0
0.48	0.138861373	0
0.49	0.141016548	0
0.5	0.143160434	0
0.51	0.145293307	0
0.52	0.147415433	0
0.53	0.149527065	0
0.54	0.151628444	0
0.55	0.153719804	0
0.56	0.155801366	0
0.57	0.157873346	0
0.58	0.159935948	0
0.59	0.16198937	0
0.6	0.164033802	0
0.61	0.166069428	0
0.62	0.168096423	0
0.63	0.170114957	0
0.64	0.172125194	0
0.65	0.174127293	0
0.66	0.176121406	0
0.67	0.17810768	0
0.68	0.180086258	0
0.69	0.182057278	0
0.7	0.184020872	0
0.71	0.185977172	0
0.72	0.1879263	0
0.73	0.189868379	0
0.74	0.191803525	0
0.75	0.193731854	0
0.76	0.195653474	0
0.77	0.197568493	0
0.78	0.199477016	0
0.79	0.201379143	0
0.8	0.203274973	0
0.81	0.205164601	0
0.82	0.20704812	0
0.83	0.20892562	0
0.84	0.210797189	0
0.85	0.212662913	0
0.86	0.214522874	0
0.87	0.216377155	0
0.88	0.218225833	0
0.89	0.220068986	0
0.9	0.221906689	0
0.91	0.223739014	0
0.92	0.225566035	0
0.93	0.227387819	0
0.94	0.229204435	0
0.95	0.231015949	0
0.96	0.232822427	0
0.97	0.234623931	0
0.98	0.236420523	0
0.99	0.238212263	0
1	0.239999211	0
1.01	0.241781425	0
1.02	0.243558959	0
1.03	0.245331871	0
1.04	0.247100213	0
1.05	0.248864039	0
1.06	0.2506234	0
1.07	0.252378347	0
1.08	0.25412893	0
1.09	0.255875196	0
1.1	0.257617193	0
1.11	0.259354969	0
1.12	0.261088567	0
1.13	0.262818035	0
1.14	0.264543414	0
1.15	0.266264747	0
1.16	0.267982078	0
1.17	0.269695448	0
1.18	0.271404896	0
1.19	0.273110462	0
1.2	0.274812186	0
1.21	0.276510106	0
1.22	0.278204259	0
1.23	0.279894682	0
1.24	0.281581412	0
1.25	0.283264483	0
1.26	0.284943931	0
1.27	0.286619791	0
1.28	0.288292094	0
1.29	0.289960876	0
1.3	0.291626168	0
1.31	0.293288002	0
1.32	0.29494641	0
1.33	0.296601422	0
1.34	0.298253069	0
1.35	0.29990138	0
1.36	0.301546386	0
1.37	0.303188114	0
1.38	0.304826594	0
1.39	0.306461852	0
1.4	0.308093918	0
1.41	0.309722817	0
1.42	0.311348576	0
1.43	0.312971222	0
1.44	0.31459078	0
1.45	0.316207275	0
1.46	0.317820733	0
1.47	0.319431178	0
1.48	0.321038635	0
1.49	0.322643127	0
1.5	0.324244677	0
1.51	0.32584331	0
1.52	0.327439047	0
1.53	0.329031911	0
1.54	0.330621925	0
1.55	0.332209109	0
1.56	0.333793487	0
1.57	0.335375078	0
1.58	0.336953904	0
1.59	0.338529985	0
1.6	0.340103341	0
1.61	0.341673994	0
1.62	0.343241961	0
1.63	0.344807264	0
1.64	0.34636992	0
1.65	0.347929949	0
1.66	0.34948737	0
1.67	0.351042201	0
1.68	0.35259446	0
1.69	0.354144166	0
1.7	0.355691335	0
1.71	0.357235985	0
1.72	0.358778134	0
1.73	0.360317799	0
1.74	0.361854996	0
1.75	0.363389742	0
1.76	0.364922053	0
1.77	0.366451946	0
1.78	0.367979436	0
1.79	0.36950454	0
1.8	0.371027272	0
1.81	0.372547648	0
1.82	0.374065683	0
1.83	0.375581392	0
1.84	0.377094791	0
1.85	0.378605893	0
1.86	0.380114714	0
1.87	0.381621266	0
1.88	0.383125565	0
1.89	0.384627625	0
1.9	0.386127458	0
1.91	0.387625079	0
1.92	0.389120502	0
1.93	0.390613739	0
1.94	0.392104803	0
1.95	0.393593708	0
1.96	0.395080467	0
1.97	0.396565091	0
1.98	0.398047595	0
1.99	0.399527989	0
2	0.401006286	0
2.01	0.402482499	0
2.02	0.403956639	0
2.03	0.405428718	0
2.04	0.406898749	0
2.05	0.408366742	0
2.06	0.409832708	0
2.07	0.411296661	0
2.08	0.412758609	0
2.09	0.414218566	0
2.1	0.41567654	0
2.11	0.417132545	0
2.12	0.41858659	0
2.13	0.420038685	0
2.14	0.421488842	0
2.15	0.422937071	0
2.16	0.424383381	0
2.17	0.425827784	0
2.18	0.42727029	0
2.19	0.428710907	0
2.2	0.430149647	0
2.21	0.431586519	0
2.22	0.433021533	0
2.23	0.434454697	0
2.24	0.435886023	0
2.25	0.437315519	0
2.26	0.438743194	0
2.27	0.440169058	0
2.28	0.441593119	0
2.29	0.443015388	0
2.3	0.444435872	0
2.31	0.44585458	0
2.32	0.447271522	0
2.33	0.448686706	0
2.34	0.450100141	0
2.35	0.451511835	0
2.36	0.452921796	0
2.37	0.454330033	0
2.38	0.455736555	0
2.39	0.457141368	0
2.4	0.458544483	0
2.41	0.459945905	0
2.42	0.461345645	0
2.43	0.462743708	0
2.44	0.464140104	0
2.45	0.46553484	0
2.46	0.466927924	0
2.47	0.468319362	0
2.48	0.469709164	0
2.49	0.471097336	0
2.5	0.472483885	0
2.51	0.47386882	0
2.52	0.475252146	0
2.53	0.476633873	0
2.54	0.478014005	0
2.55	0.479392552	0
2.56	0.480769519	0
2.57	0.482144914	0
2.58	0.483518743	0
2.59	0.484891014	0
2.6	0.486261733	0
2.61	0.487630907	0
2.62	0.488998542	0
2.63	0.490364646	0
2.64	0.491729224	0
2.65	0.493092283	0
2.66	0.49445383	0
2.67	0.495813871	0
2.68	0.497172412	0
2.69	0.49852946	0
2.7	0.499885021	0
2.71	0.5012391	0
2.72	0.502591705	0
2.73	0.503942841	0
2.74	0.505292514	0
2.75	0.50664073	0
2.76	0.507987495	0
2.77	0.509332816	0
2.78	0.510676697	0
2.79	0.512019144	0
2.8	0.513360164	0
2.81	0.514699761	0
2.82	0.516037943	0
2.83	0.517374713	0
2.84	0.518710078	0
2.85	0.520044044	0
2.86	0.521376615	0
2.87	0.522707797	0
2.88	0.524037596	0
2.89	0.525366016	0
2.9	0.526693064	0
2.91	0.528018744	0
2.92	0.529343061	0
2.93	0.530666022	0
2.94	0.53198763	0
2.95	0.533307891	0
2.96	0.53462681	0
2.97	0.535944392	0
2.98	0.537260643	0
2.99	0.538575566	0
3	0.539889167	0
3.01	0.541201451	0
3.02	0.542512422	0
3.03	0.543822086	0
3.04	0.545130446	0
3.05	0.546437509	0
3.06	0.547743278	0
3.07	0.549047758	0
3.08	0.550350954	0
3.09	0.551652871	0
3.1	0.552953512	0
3.11	0.554252883	0
3.12	0.555550988	0
3.13	0.556847831	0
3.14	0.558143417	0
3.15	0.55943775	0
3.16	0.560730834	0
3.17	0.562022675	0
3.18	0.563313275	0
3.19	0.56460264	0
3.2	0.565890774	0
3.21	0.56717768	0
3.22	0.568463364	0
3.23	0.569747829	0
3.24	0.571031079	0
3.25	0.572313119	0
3.26	0.573593952	0
3.27	0.574873582	0
3.28	0.576152014	0
3.29	0.577429251	0
3.3	0.578705298	0
3.31	0.579980159	0
3.32	0.581253836	0
3.33	0.582526335	0
3.34	0.583797658	0
3.35	0.585067811	0
3.36	0.586336796	0
3.37	0.587604617	0
3.38	0.588871278	0
3.39	0.590136783	0
3.4	0.591401136	0
3.41	0.59266434	0
3.42	0.593926399	0
3.43	0.595187316	0
3.44	0.596447095	0
3.45	0.597705739	0
3.46	0.598963253	0
3.47	0.60021964	0
3.48	0.601474902	0
3.49	0.602729044	0
3.5	0.60398207	0
3.51	0.605233982	0
3.52	0.606484784	0
3.53	0.607734479	0
3.54	0.608983071	0
3.55	0.610230563	0
3.56	0.611476958	0
3.57	0.61272226	0
3.58	0.613966472	0
3.59	0.615209597	0
3.6	0.616451639	0
3.61	0.6176926	0
3.62	0.618932484	0
3.63	0.620171295	0
3.64	0.621409034	0
3.65	0.622645706	0
3.66	0.623881314	0
3.67	0.62511586	0
3.68	0.626349348	0
3.69	0.62758178	0
3.7	0.628813161	0
3.71	0.630043492	0
3.72	0.631272777	0
3.73	0.632501019	0
3.74	0.633728221	0
3.75	0.634954385	0
3.76	0.636179516	0
3.77	0.637403614	0
3.78	0.638626685	0
3.79	0.63984873	0
3.8	0.641069752	0
3.81	0.642289754	0
3.82	0.643508739	0
3.83	0.64472671	0
3.84	0.64594367	0
3.85	0.647159621	0
3.86	0.648374566	0
3.87	0.649588508	0
3.88	0.65080145	0
3.89	0.652013393	0
3.9	0.653224342	0
3.91	0.654434299	0
3.92	0.655643266	0
3.93	0.656851247	0
3.94	0.658058242	0
3.95	0.659264257	0
3.96	0.660469292	0
3.97	0.661673351	0
3.98	0.662876435	0
3.99	0.664078549	0
4	0.665279694	0
4.01	0.666479872	0
4.02	0.667679087	0
4.03	0.66887734	0
4.04	0.670074635	0
4.05	0.671270974	0
4.06	0.672466359	0
4.07	0.673660793	0
4.08	0.674854277	0
4.09	0.676046816	0
4.1	0.67723841	0
4.11	0.678429063	0
4.12	0.679618776	0
4.13	0.680807553	0
4.14	0.681995395	0
4.15	0.683182304	0
4.16	0.684368284	0
4.17	0.685553337	0
4.18	0.686737464	0
4.19	0.687920669	0
4.2	0.689102952	0
4.21	0.690284318	0
4.22	0.691464767	0
4.23	0.692644303	0
4.24	0.693822926	0
4.25	0.695000641	0
4.26	0.696177448	0
4.27	0.69735335	0
4.28	0.69852835	0
4.29	0.699702449	0
4.3	0.700875649	0
4.31	0.702047953	0
4.32	0.703219363	0
4.33	0.704389881	0
4.34	0.705559508	0
4.35	0.706728248	0
4.36	0.707896103	0
4.37	0.709063074	0
4.38	0.710229163	0
4.39	0.711394372	0
4.4	0.712558704	0
4.41	0.713722161	0
4.42	0.714884745	0
4.43	0.716046457	0
4.44	0.717207299	0
4.45	0.718367275	0
4.46	0.719526384	0
4.47	0.720684631	0
4.48	0.721842016	0
4.49	0.722998542	0
4.5	0.72415421	0
4.51	0.725309023	0
4.52	0.726462982	0
4.53	0.727616089	0
4.54	0.728768347	0
4.55	0.729919756	0
4.56	0.73107032	0
4.57	0.732220039	0
4.58	0.733368916	0
4.59	0.734516953	0
4.6	0.735664151	0
4.61	0.736810513	0
4.62	0.737956039	0
4.63	0.739100733	0
4.64	0.740244595	0
4.65	0.741387628	0
4.66	0.742529833	0
4.67	0.743671213	0
4.68	0.744811768	0
4.69	0.745951502	0
4.7	0.747090414	0
4.71	0.748228508	0
4.72	0.749365785	0
4.73	0.750502247	0
4.74	0.751637895	0
4.75	0.752772731	0
4.76	0.753906757	0
4.77	0.755039975	0
4.78	0.756172386	0
4.79	0.757303992	0
4.8	0.758434794	0
4.81	0.759564795	0
4.82	0.760693996	0
4.83	0.761822399	0
4.84	0.762950005	0
4.85	0.764076816	0
4.86	0.765202833	0
4.87	0.766328059	0
4.88	0.767452494	0
4.89	0.768576141	0
4.9	0.769699001	0
4.91	0.770821075	0
4.92	0.771942366	0
4.93	0.773062874	0
4.94	0.774182602	0
4.95	0.775301551	0
4.96	0.776419722	0
4.97	0.777537118	0
4.98	0.778653738	0
4.99	0.779769586	0
5	0.780884663	0
5.01	0.78199897	0
5.02	0.783112508	0
5.03	0.78422528	0
5.04	0.785337286	0
5.05	0.786448529	0
5.06	0.787559009	0
5.07	0.788668728	0
5.08	0.789777688	0
5.09	0.79088589	0
5.1	0.791993335	0
5.11	0.793100026	0
5.12	0.794205963	0
5.13	0.795311148	0
5.14	0.796415582	0
5.15	0.797519267	0
5.16	0.798622204	0
5.17	0.799724395	0
5.18	0.80082584	0
5.19	0.801926542	0
5.2	0.803026502	0
5.21	0.804125721	0
5.22	0.805224201	0
5.23	0.806321942	0
5.24	0.807418947	0
5.25	0.808515217	0
5.26	0.809610752	0
5.27	0.810705555	0
5.28	0.811799627	0
5.29	0.812892969	0
5.3	0.813985582	0
5.31	0.815077468	0
5.32	0.816168628	0
5.33	0.817259063	0
5.34	0.818348775	0
5.35	0.819437765	0
5.36	0.820526034	0
5.37	0.821613584	0
5.38	0.822700416	0
5.39	0.823786531	0
5.4	0.82487193	0
5.41	0.825956616	0
5.42	0.827040588	0
5.43	0.828123848	0
5.44	0.829206398	0
5.45	0.830288239	0
5.46	0.831369371	0
5.47	0.832449797	0
5.48	0.833529517	0
5.49	0.834608533	0
5.5	0.835686846	0
5.51	0.836764458	0
5.52	0.837841368	0
5.53	0.838917579	0
5.54	0.839993092	0
5.55	0.841067908	0
5.56	0.842142028	0
5.57	0.843215453	0
5.58	0.844288185	0
5.59	0.845360225	0
5.6	0.846431573	0
5.61	0.847502232	0
5.62	0.848572201	0
5.63	0.849641484	0
5.64	0.850710079	0
5.65	0.85177799	0
5.66	0.852845216	0
5.67	0.853911759	0
5.68	0.85497762	0
5.69	0.856042801	0
5.7	0.857107302	0
5.71	0.858171124	0
5.72	0.859234269	0
5.73	0.860296738	0
5.74	0.861358531	0
5.75	0.862419651	0
5.76	0.863480097	0
5.77	0.864539872	0
5.78	0.865598976	0
5.79	0.86665741	0
5.8	0.867715175	0
5.81	0.868772273	0
5.82	0.869828705	0
5.83	0.870884471	0
5.84	0.871939572	0
5.85	0.872994011	0
5.86	0.874047787	0
5.87	0.875100902	0
5.88	0.876153357	0
5.89	0.877205152	0
5.9	0.87825629	0
5.91	0.879306771	0
5.92	0.880356595	0
5.93	0.881405765	0
5.94	0.882454281	0
5.95	0.883502144	0
5.96	0.884549354	0
5.97	0.885595914	0
5.98	0.886641824	0
5.99	0.887687086	0
6	0.888731699	0
6.01	0.889775665	0
6.02	0.890818985	0
6.03	0.891861661	0
6.04	0.892903692	0
6.05	0.893945081	0
6.06	0.894985827	0
6.07	0.896025933	0
6.08	0.897065398	0
6.09	0.898104225	0
6.1	0.899142413	0
6.11	0.900179964	0
6.12	0.901216878	0
6.13	0.902253158	0
6.14	0.903288803	0
6.15	0.904323814	0
6.16	0.905358194	0
6.17	0.906391941	0
6.18	0.907425058	0
6.19	0.908457546	0
6.2	0.909489404	0
6.21	0.910520635	0
6.22	0.911551239	0
6.23	0.912581216	0
6.24	0.913610569	0
6.25	0.914639297	0
6.26	0.915667402	0
6.27	0.916694885	0
6.28	0.917721746	0
6.29	0.918747987	0
6.3	0.919773608	0
6.31	0.92079861	0
6.32	0.921822994	0
6.33	0.92284676	0
6.34	0.923869911	0
6.35	0.924892446	0
6.36	0.925914367	0
6.37	0.926935674	0
6.38	0.927956369	0
6.39	0.928976451	0
6.4	0.929995923	0
6.41	0.931014784	0
6.42	0.932033036	0
6.43	0.933050679	0
6.44	0.934067715	0
6.45	0.935084144	0
6.46	0.936099967	0
6.47	0.937115185	0
6.48	0.938129798	0
6.49	0.939143808	0
6.5	0.940157215	0
6.51	0.941170021	0
6.52	0.942182225	0
6.53	0.943193829	0
6.54	0.944204834	0
6.55	0.94521524	0
6.56	0.946225048	0
6.57	0.94723426	0
6.58	0.948242875	0
6.59	0.949250894	0
6.6	0.950258319	0
6.61	0.951265151	0
6.62	0.952271389	0
6.63	0.953277035	0
6.64	0.954282089	0
6.65	0.955286553	0
6.66	0.956290427	0
6.67	0.957293711	0
6.68	0.958296407	0
6.69	0.959298516	0
6.7	0.960300038	0
6.71	0.961300974	0
6.72	0.962301324	0
6.73	0.96330109	0
6.74	0.964300272	0
6.75	0.965298871	0
6.76	0.966296887	0
6.77	0.967294322	0
6.78	0.968291176	0
6.79	0.96928745	0
6.8	0.970283145	0
6.81	0.971278261	0
6.82	0.972272799	0
6.83	0.973266761	0
6.84	0.974260145	0
6.85	0.975252954	0
6.86	0.976245188	0
6.87	0.977236848	0
6.88	0.978227934	0
6.89	0.979218447	0
6.9	0.980208388	0
6.91	0.981197758	0
6.92	0.982186557	0
6.93	0.983174785	0
6.94	0.984162445	0
6.95	0.985149536	0
6.96	0.986136059	0
6.97	0.987122015	0
6.98	0.988107404	0
6.99	0.989092228	0
7	0.990076486	0
7.01	0.99106018	0
7.02	0.99204331	0
7.03	0.993025877	0
7.04	0.994007881	0
7.05	0.994989324	0
7.06	0.995970206	0
7.07	0.996950527	0
7.08	0.997930288	0
7.09	0.998909491	0
7.1	0.999888134	0
7.11	1.000866221	0
7.12	1.00184375	0
7.13	1.002820722	0
7.14	1.003797139	0
7.15	1.004773	0
7.16	1.005748308	0
7.17	1.006723061	0
7.18	1.007697261	0
7.19	1.008670908	0
7.2	1.009644004	0
7.21	1.010616548	0
7.22	1.011588541	0
7.23	1.012559985	0
7.24	1.013530879	0
7.25	1.014501224	0
7.26	1.015471021	0
7.27	1.016440271	0
7.28	1.017408974	0
7.29	1.01837713	0
7.3	1.019344741	0
7.31	1.020311807	0
7.32	1.021278328	0
7.33	1.022244306	0
7.34	1.02320974	0
7.35	1.024174632	0
7.36	1.025138981	0
7.37	1.02610279	0
7.38	1.027066057	0
7.39	1.028028784	0
7.4	1.028990972	0
7.41	1.029952621	0
7.42	1.030913731	0
7.43	1.031874303	0
7.44	1.032834339	0
7.45	1.033793837	0
7.46	1.0347528	0
7.47	1.035711227	0
7.48	1.036669119	0
7.49	1.037626477	0
7.5	1.038583301	0
7.51	1.039539591	0
7.52	1.04049535	0
7.53	1.041450576	0
7.54	1.042405271	0
7.55	1.043359435	0
7.56	1.044313068	0
7.57	1.045266172	0
7.58	1.046218747	0
7.59	1.047170793	0
7.6	1.048122311	0
7.61	1.049073301	0
7.62	1.050023764	0
7.63	1.050973701	0
7.64	1.051923112	0
7.65	1.052871998	0
7.66	1.053820359	0
7.67	1.054768196	0
7.68	1.055715509	0
7.69	1.056662299	0
7.7	1.057608566	0
7.71	1.058554311	0
7.72	1.059499535	0
7.73	1.060444237	0
7.74	1.06138842	0
7.75	1.062332082	0
7.76	1.063275225	0
7.77	1.064217848	0
7.78	1.065159954	0
7.79	1.066101542	0
7.8	1.067042612	0
7.81	1.067983166	0
7.82	1.068923203	0
7.83	1.069862724	0
7.84	1.070801731	0
7.85	1.071740222	0
7.86	1.072678199	0
7.87	1.073615663	0
7.88	1.074552613	0
7.89	1.075489051	0
7.9	1.076424976	0
7.91	1.07736039	0
7.92	1.078295293	0
7.93	1.079229684	0
7.94	1.080163566	0
7.95	1.081096938	0
7.96	1.082029801	0
7.97	1.082962155	0
7.98	1.083894	0
7.99	1.084825338	0
8	1.085756169	0
8.01	1.086686493	0
8.02	1.087616311	0
8.03	1.088545622	0
8.04	1.089474429	0
8.05	1.090402731	0
8.06	1.091330528	0
8.07	1.092257821	0
8.08	1.093184611	0
8.09	1.094110898	0
8.1	1.095036683	0
8.11	1.095961966	0
8.12	1.096886747	0
8.13	1.097811027	0
8.14	1.098734806	0
8.15	1.099658085	0
8.16	1.100580865	0
8.17	1.101503145	0
8.18	1.102424927	0
8.19	1.10334621	0
8.2	1.104266996	0
8.21	1.105187284	0
8.22	1.106107075	0
8.23	1.10702637	0
8.24	1.107945169	0
8.25	1.108863472	0
8.26	1.10978128	0
8.27	1.110698593	0
8.28	1.111615412	0
8.29	1.112531737	0
8.3	1.113447569	0
8.31	1.114362908	0
8.32	1.115277755	0
8.33	1.116192109	0
8.34	1.117105972	0
8.35	1.118019344	0
8.36	1.118932225	0
8.37	1.119844616	0
8.38	1.120756516	0
8.39	1.121667928	0
8.4	1.12257885	0
8.41	1.123489284	0
8.42	1.124399229	0
8.43	1.125308687	0
8.44	1.126217658	0
8.45	1.127126141	0
8.46	1.128034139	0
8.47	1.12894165	0
8.48	1.129848675	0
8.49	1.130755215	0
8.5	1.131661271	0
8.51	1.132566842	0
8.52	1.133471929	0
8.53	1.134376532	0
8.54	1.135280652	0
8.55	1.13618429	0
8.56	1.137087445	0
8.57	1.137990118	0
8.58	1.13889231	0
8.59	1.13979402	0
8.6	1.14069525	0
8.61	1.141595999	0
8.62	1.142496269	0
8.63	1.143396058	0
8.64	1.144295369	0
8.65	1.145194201	0
8.66	1.146092554	0
8.67	1.14699043	0
8.68	1.147887828	0
8.69	1.148784749	0
8.7	1.149681193	0
8.71	1.15057716	0
8.72	1.151472651	0
8.73	1.152367667	0
8.74	1.153262208	0
8.75	1.154156273	0
8.76	1.155049864	0
8.77	1.155942981	0
8.78	1.156835624	0
8.79	1.157727794	0
8.8	1.158619491	0
8.81	1.159510715	0
8.82	1.160401467	0
8.83	1.161291747	0
8.84	1.162181555	0
8.85	1.163070893	0
8.86	1.163959759	0
8.87	1.164848155	0
8.88	1.165736081	0
8.89	1.166623538	0
8.9	1.167510525	0
8.91	1.168397043	0
8.92	1.169283092	0
8.93	1.170168674	0
8.94	1.171053787	0
8.95	1.171938433	0
8.96	1.172822611	0
8.97	1.173706323	0
8.98	1.174589569	0
8.99	1.175472348	0
9	1.176354662	0
9.01	1.17723651	0
9.02	1.178117893	0
9.03	1.178998811	0
9.04	1.179879265	0
9.05	1.180759255	0
9.06	1.181638781	0
9.07	1.182517844	0
9.08	1.183396444	0
9.09	1.184274582	0
9.1	1.185152257	0
9.11	1.18602947	0
9.12	1.186906222	0
9.13	1.187782512	0
9.14	1.188658341	0
9.15	1.18953371	0
9.16	1.190408618	0
9.17	1.191283067	0
9.18	1.192157055	0
9.19	1.193030585	0
9.2	1.193903655	0
9.21	1.194776267	0
9.22	1.195648421	0
9.23	1.196520117	0
9.24	1.197391355	0
9.25	1.198262135	0
9.26	1.199132459	0
9.27	1.200002326	0
9.28	1.200871737	0
9.29	1.201740691	0
9.3	1.20260919	0
9.31	1.203477234	0
9.32	1.204344822	0
9.33	1.205211956	0
9.34	1.206078635	0
9.35	1.20694486	0
9.36	1.207810631	0
9.37	1.208675949	0
9.38	1.209540814	0
9.39	1.210405225	0
9.4	1.211269184	0
9.41	1.212132691	0
9.42	1.212995746	0
9.43	1.213858349	0
9.44	1.214720501	0
9.45	1.215582201	0
9.46	1.216443451	0
9.47	1.217304251	0
9.48	1.2181646	0
9.49	1.2190245	0
9.5	1.21988395	0
9.51	1.22074295	0
9.52	1.221601502	0
9.53	1.222459605	0
9.54	1.22331726	0
9.55	1.224174466	0
9.56	1.225031225	0
9.57	1.225887537	0
9.58	1.226743401	0
9.59	1.227598818	0
9.6	1.228453789	0
9.61	1.229308313	0
9.62	1.230162391	0
9.63	1.231016024	0
9.64	1.231869211	0
9.65	1.232721952	0
9.66	1.233574249	0
9.67	1.234426102	0
9.68	1.23527751	0
9.69	1.236128473	0
9.7	1.236978994	0
9.71	1.23782907	0
9.72	1.238678704	0
9.73	1.239527894	0
9.74	1.240376642	0
9.75	1.241224947	0
9.76	1.24207281	0
9.77	1.242920232	0
9.78	1.243767211	0
9.79	1.24461375	0
9.8	1.245459847	0
9.81	1.246305504	0
9.82	1.24715072	0
9.83	1.247995496	0
9.84	1.248839832	0
9.85	1.249683729	0
9.86	1.250527185	0
9.87	1.251370203	0
9.88	1.252212782	0
9.89	1.253054922	0
9.9	1.253896624	0
9.91	1.254737887	0
9.92	1.255578713	0
9.93	1.256419101	0
9.94	1.257259052	0
9.95	1.258098566	0
9.96	1.258937643	0
9.97	1.259776283	0
9.98	1.260614487	0
9.99	1.261452255	0
10	1.262289587	0
10.01	1.263126484	0
10.02	1.263962945	0
10.03	1.264798971	0
10.04	1.265634563	0
10.05	1.26646972	0
10.06	1.267304442	0
10.07	1.268138731	0
10.08	1.268972585	0
10.09	1.269806006	0
10.1	1.270638994	0
10.11	1.271471549	0
10.12	1.27230367	0
10.13	1.273135359	0
10.14	1.273966616	0
10.15	1.274797441	0
10.16	1.275627834	0
10.17	1.276457795	0
10.18	1.277287325	0
10.19	1.278116423	0
10.2	1.278945091	0
10.21	1.279773328	0
10.22	1.280601134	0
10.23	1.28142851	0
10.24	1.282255457	0
10.25	1.283081973	0
10.26	1.28390806	0
10.27	1.284733718	0
10.28	1.285558946	0
10.29	1.286383746	0
10.3	1.287208117	0
10.31	1.28803206	0
10.32	1.288855574	0
10.33	1.289678661	0
10.34	1.29050132	0
10.35	1.291323551	0
10.36	1.292145355	0
10.37	1.292966732	0
10.38	1.293787683	0
10.39	1.294608206	0
10.4	1.295428304	0
10.41	1.296247975	0
10.42	1.29706722	0
10.43	1.297886039	0
10.44	1.298704433	0
10.45	1.299522402	0
10.46	1.300339945	0
10.47	1.301157064	0
10.48	1.301973758	0
10.49	1.302790028	0
10.5	1.303605873	0
10.51	1.304421295	0
10.52	1.305236292	0
10.53	1.306050866	0
10.54	1.306865017	0
10.55	1.307678744	0
10.56	1.308492049	0
10.57	1.30930493	0
10.58	1.31011739	0
10.59	1.310929426	0
10.6	1.311741041	0
10.61	1.312552234	0
10.62	1.313363005	0
10.63	1.314173354	0
10.64	1.314983282	0
10.65	1.31579279	0
10.66	1.316601876	0
10.67	1.317410541	0
10.68	1.318218786	0
10.69	1.31902661	0
10.7	1.319834015	0
10.71	1.320640999	0
10.72	1.321447564	0
10.73	1.322253709	0
10.74	1.323059435	0
10.75	1.323864742	0
10.76	1.324669629	0
10.77	1.325474098	0
10.78	1.326278149	0
10.79	1.327081781	0
10.8	1.327884995	0
10.81	1.32868779	0
10.82	1.329490168	0
10.83	1.330292129	0
10.84	1.331093672	0
10.85	1.331894797	0
10.86	1.332695506	0
10.87	1.333495798	0
10.88	1.334295673	0
10.89	1.335095131	0
10.9	1.335894174	0
10.91	1.3366928	0
10.92	1.33749101	0
10.93	1.338288804	0
10.94	1.339086183	0
10.95	1.339883146	0
10.96	1.340679694	0
10.97	1.341475827	0
10.98	1.342271545	0
10.99	1.343066848	0
11	1.343861737	0
11.01	1.344656212	0
11.02	1.345450272	0
11.03	1.346243918	0
11.04	1.347037151	0
11.05	1.34782997	0
11.06	1.348622375	0
11.07	1.349414367	0
11.08	1.350205946	0
11.09	1.350997112	0
11.1	1.351787865	0
11.11	1.352578205	0
11.12	1.353368133	0
11.13	1.354157649	0
11.14	1.354946752	0
11.15	1.355735444	0
11.16	1.356523724	0
11.17	1.357311592	0
11.18	1.358099049	0
11.19	1.358886094	0
11.2	1.359672728	0
11.21	1.360458952	0
11.22	1.361244764	0
11.23	1.362030166	0
11.24	1.362815157	0
11.25	1.363599738	0
11.26	1.364383909	0
11.27	1.365167669	0
11.28	1.36595102	0
11.29	1.366733961	0
11.3	1.367516493	0
11.31	1.368298615	0
11.32	1.369080328	0
11.33	1.369861632	0
11.34	1.370642527	0
11.35	1.371423013	0
11.36	1.372203091	0
11.37	1.37298276	0
11.38	1.373762021	0
11.39	1.374540873	0
11.4	1.375319318	0
11.41	1.376097355	0
11.42	1.376874984	0
11.43	1.377652205	0
11.44	1.378429019	0
11.45	1.379205426	0
11.46	1.379981426	0
11.47	1.380757018	0
11.48	1.381532204	0
11.49	1.382306983	0
11.5	1.383081356	0
11.51	1.383855322	0
11.52	1.384628882	0
11.53	1.385402035	0
11.54	1.386174783	0
11.55	1.386947125	0
11.56	1.387719061	0
11.57	1.388490592	0
11.58	1.389261717	0
11.59	1.390032437	0
11.6	1.390802752	0
11.61	1.391572662	0
11.62	1.392342167	0
11.63	1.393111267	0
11.64	1.393879962	0
11.65	1.394648253	0
11.66	1.39541614	0
11.67	1.396183623	0
11.68	1.396950701	0
11.69	1.397717376	0
11.7	1.398483647	0
11.71	1.399249514	0
11.72	1.400014977	0
11.73	1.400780038	0
11.74	1.401544694	0
11.75	1.402308948	0
11.76	1.403072799	0
11.77	1.403836247	0
11.78	1.404599292	0
11.79	1.405361934	0
11.8	1.406124174	0
11.81	1.406886011	0
11.82	1.407647447	0
11.83	1.40840848	0
11.84	1.409169111	0
11.85	1.40992934	0
11.86	1.410689167	0
11.87	1.411448593	0
11.88	1.412207617	0
11.89	1.41296624	0
11.9	1.413724461	0
11.91	1.414482281	0
11.92	1.415239701	0
11.93	1.415996719	0
11.94	1.416753336	0
11.95	1.417509553	0
11.96	1.418265369	0
11.97	1.419020785	0
11.98	1.4197758	0
11.99	1.420530415	0
12	1.42128463	0
12.01	1.422038445	0
12.02	1.42279186	0
12.03	1.423544875	0
12.04	1.424297491	0
12.05	1.425049707	0
12.06	1.425801523	0
12.07	1.426552941	0
12.08	1.427303958	0
12.09	1.428054577	0
12.1	1.428804797	0
12.11	1.429554618	0
12.12	1.43030404	0
12.13	1.431053063	0
12.14	1.431801688	0
12.15	1.432549914	0
12.16	1.433297742	0
12.17	1.434045172	0
12.18	1.434792203	0
12.19	1.435538837	0
12.2	1.436285072	0
12.21	1.437030909	0
12.22	1.437776349	0
12.23	1.438521391	0
12.24	1.439266036	0
12.25	1.440010283	0
12.26	1.440754132	0
12.27	1.441497585	0
12.28	1.44224064	0
12.29	1.442983298	0
12.3	1.443725559	0
12.31	1.444467423	0
12.32	1.445208891	0
12.33	1.445949962	0
12.34	1.446690636	0
12.35	1.447430913	0
12.36	1.448170795	0
12.37	1.44891028	0
12.38	1.449649368	0
12.39	1.450388061	0
12.4	1.451126358	0
12.41	1.451864258	0
12.42	1.452601763	0
12.43	1.453338872	0
12.44	1.454075585	0
12.45	1.454811903	0
12.46	1.455547825	0
12.47	1.456283352	0
12.48	1.457018483	0
12.49	1.457753219	0
12.5	1.45848756	0
12.51	1.459221506	0
12.52	1.459955057	0
12.53	1.460688213	0
12.54	1.461420975	0
12.55	1.462153341	0
12.56	1.462885313	0
12.57	1.46361689	0
12.58	1.464348073	0
12.59	1.465078861	0
12.6	1.465809256	0
12.61	1.466539255	0
12.62	1.467268861	0
12.63	1.467998072	0
12.64	1.46872689	0
12.65	1.469455314	0
12.66	1.470183343	0
12.67	1.470910979	0
12.68	1.471638221	0
12.69	1.47236507	0
12.7	1.473091525	0
12.71	1.473817587	0
12.72	1.474543255	0
12.73	1.47526853	0
12.74	1.475993411	0
12.75	1.4767179	0
12.76	1.477441995	0
12.77	1.478165697	0
12.78	1.478889006	0
12.79	1.479611922	0
12.8	1.480334446	0
12.81	1.481056577	0
12.82	1.481778315	0
12.83	1.48249966	0
12.84	1.483220613	0
12.85	1.483941173	0
12.86	1.484661341	0
12.87	1.485381117	0
12.88	1.4861005	0
12.89	1.486819491	0
12.9	1.48753809	0
12.91	1.488256296	0
12.92	1.488974111	0
12.93	1.489691534	0
12.94	1.490408565	0
12.95	1.491125204	0
12.96	1.491841451	0
12.97	1.492557306	0
12.98	1.49327277	0
12.99	1.493987842	0
13	1.494702523	0
13.01	1.495416812	0
13.02	1.496130709	0
13.03	1.496844216	0
13.04	1.497557331	0
13.05	1.498270054	0
13.06	1.498982387	0
13.07	1.499694328	0
13.08	1.500405878	0
13.09	1.501117037	0
13.1	1.501827805	0
13.11	1.502538183	0
13.12	1.503248169	0
13.13	1.503957764	0
13.14	1.504666969	0
13.15	1.505375783	0
13.16	1.506084206	0
13.17	1.506792239	0
13.18	1.507499881	0
13.19	1.508207133	0
13.2	1.508913994	0
13.21	1.509620465	0
13.22	1.510326545	0
13.23	1.511032235	0
13.24	1.511737534	0
13.25	1.512442444	0
13.26	1.513146963	0
13.27	1.513851092	0
13.28	1.514554831	0
13.29	1.51525818	0
13.3	1.515961138	0
13.31	1.516663707	0
13.32	1.517365886	0
13.33	1.518067675	0
13.34	1.518769074	0
13.35	1.519470084	0
13.36	1.520170703	0
13.37	1.520870933	0
13.38	1.521570773	0
13.39	1.522270224	0
13.4	1.522969284	0
13.41	1.523667956	0
13.42	1.524366237	0
13.43	1.52506413	0
13.44	1.525761632	0
13.45	1.526458746	0
13.46	1.52715547	0
13.47	1.527851804	0
13.48	1.528547749	0
13.49	1.529243305	0
13.5	1.529938472	0
13.51	1.530633249	0
13.52	1.531327637	0
13.53	1.532021636	0
13.54	1.532715246	0
13.55	1.533408467	0
13.56	1.534101299	0
13.57	1.534793742	0
13.58	1.535485795	0
13.59	1.53617746	0
13.6	1.536868736	0
13.61	1.537559622	0
13.62	1.53825012	0
13.63	1.538940229	0
13.64	1.539629949	0
13.65	1.540319281	0
13.66	1.541008223	0
13.67	1.541696777	0
13.68	1.542384942	0
13.69	1.543072718	0
13.7	1.543760105	0
13.71	1.544447104	0
13.72	1.545133714	0
13.73	1.545819936	0
13.74	1.546505769	0
13.75	1.547191213	0
13.76	1.547876269	0
13.77	1.548560936	0
13.78	1.549245215	0
13.79	1.549929105	0
13.8	1.550612606	0
13.81	1.551295719	0
13.82	1.551978444	0
13.83	1.55266078	0
13.84	1.553342728	0
13.85	1.554024287	0
13.86	1.554705458	0
13.87	1.55538624	0
13.88	1.556066634	0
13.89	1.55674664	0
13.9	1.557426257	0
13.91	1.558105486	0
13.92	1.558784327	0
13.93	1.559462779	0
13.94	1.560140843	0
13.95	1.560818519	0
13.96	1.561495806	0
13.97	1.562172706	0
13.98	1.562849216	0
13.99	1.563525339	0
14	1.564201073	0
14.01	1.564876419	0
14.02	1.565551377	0
14.03	1.566225947	0
14.04	1.566900128	0
14.05	1.567573921	0
14.06	1.568247326	0
14.07	1.568920343	0
14.08	1.569592971	0
14.09	1.570265211	0
14.1	1.570937063	0
14.11	1.571608527	0
14.12	1.572279603	0
14.13	1.57295029	0
14.14	1.573620589	0
14.15	1.5742905	0
14.16	1.574960023	0
14.17	1.575629157	0
14.18	1.576297904	0
14.19	1.576966262	0
14.2	1.577634232	0
14.21	1.578301813	0
14.22	1.578969007	0
14.23	1.579635812	0
14.24	1.580302229	0
14.25	1.580968257	0
14.26	1.581633898	0
14.27	1.58229915	0
14.28	1.582964014	0
14.29	1.58362849	0
14.3	1.584292577	0
14.31	1.584956276	0
14.32	1.585619587	0
14.33	1.586282509	0
14.34	1.586945044	0
14.35	1.587607189	0
14.36	1.588268947	0
14.37	1.588930316	0
14.38	1.589591297	0
14.39	1.590251889	0
14.4	1.590912093	0
14.41	1.591571909	0
14.42	1.592231336	0
14.43	1.592890375	0
14.44	1.593549026	0
14.45	1.594207288	0
14.46	1.594865161	0
14.47	1.595522646	0
14.48	1.596179742	0
14.49	1.59683645	0
14.5	1.59749277	0
14.51	1.598148701	0
14.52	1.598804243	0
14.53	1.599459396	0
14.54	1.600114161	0
14.55	1.600768538	0
14.56	1.601422525	0
14.57	1.602076124	0
14.58	1.602729335	0
14.59	1.603382156	0
14.6	1.604034589	0
14.61	1.604686633	0
14.62	1.605338288	0
14.63	1.605989555	0
14.64	1.606640432	0
14.65	1.607290921	0
14.66	1.607941021	0
14.67	1.608590731	0
14.68	1.609240053	0
14.69	1.609888986	0
14.7	1.61053753	0
14.71	1.611185685	0
14.72	1.61183345	0
14.73	1.612480827	0
14.74	1.613127814	0
14.75	1.613774413	0
14.76	1.614420622	0
14.77	1.615066441	0
14.78	1.615711872	0
14.79	1.616356913	0
14.8	1.617001565	0
14.81	1.617645828	0
14.82	1.618289701	0
14.83	1.618933184	0
14.84	1.619576279	0
14.85	1.620218983	0
14.86	1.620861298	0
14.87	1.621503224	0
14.88	1.62214476	0
14.89	1.622785906	0
14.9	1.623426662	0
14.91	1.624067029	0
14.92	1.624707006	0
14.93	1.625346593	0
14.94	1.62598579	0
14.95	1.626624598	0
14.96	1.627263015	0
14.97	1.627901042	0
14.98	1.62853868	0
14.99	1.629175927	0
15	1.629812784	0
15.01	1.630449251	0
15.02	1.631085327	0
15.03	1.631721014	0
15.04	1.63235631	0
15.05	1.632991215	0
15.06	1.633625731	0
15.07	1.634259856	0
15.08	1.63489359	0
15.09	1.635526934	0
15.1	1.636159887	0
15.11	1.636792449	0
15.12	1.637424621	0
15.13	1.638056402	0
15.14	1.638687792	0
15.15	1.639318791	0
15.16	1.639949399	0
15.17	1.640579617	0
15.18	1.641209443	0
15.19	1.641838878	0
15.2	1.642467922	0
15.21	1.643096575	0
15.22	1.643724836	0
15.23	1.644352707	0
15.24	1.644980186	0
15.25	1.645607273	0
15.26	1.646233969	0
15.27	1.646860273	0
15.28	1.647486186	0
15.29	1.648111707	0
15.3	1.648736836	0
15.31	1.649361574	0
15.32	1.64998592	0
15.33	1.650609873	0
15.34	1.651233435	0
15.35	1.651856605	0
15.36	1.652479382	0
15.37	1.653101767	0
15.38	1.653723761	0
15.39	1.654345361	0
15.4	1.65496657	0
15.41	1.655587386	0
15.42	1.656207809	0
15.43	1.65682784	0
15.44	1.657447478	0
15.45	1.658066723	0
15.46	1.658685576	0
15.47	1.659304036	0
15.48	1.659922103	0
15.49	1.660539776	0
15.5	1.661157057	0
15.51	1.661773945	0
15.52	1.662390439	0
15.53	1.66300654	0
15.54	1.663622247	0
15.55	1.664237562	0
15.56	1.664852482	0
15.57	1.665467009	0
15.58	1.666081142	0
15.59	1.666694882	0
15.6	1.667308227	0
15.61	1.667921179	0
15.62	1.668533737	0
15.63	1.6691459	0
15.64	1.66975767	0
15.65	1.670369045	0
15.66	1.670980026	0
15.67	1.671590612	0
15.68	1.672200804	0
15.69	1.672810602	0
15.7	1.673420004	0
15.71	1.674029012	0
15.72	1.674637625	0
15.73	1.675245843	0
15.74	1.675853666	0
15.75	1.676461094	0
15.76	1.677068127	0
15.77	1.677674765	0
15.78	1.678281007	0
15.79	1.678886854	0
15.8	1.679492305	0
15.81	1.68009736	0
15.82	1.68070202	0
15.83	1.681306284	0
15.84	1.681910152	0
15.85	1.682513624	0
15.86	1.6831167	0
15.87	1.68371938	0
15.88	1.684321663	0
15.89	1.68492355	0
15.9	1.685525041	0
15.91	1.686126135	0
15.92	1.686726832	0
15.93	1.687327132	0
15.94	1.687927036	0
15.95	1.688526543	0
15.96	1.689125652	0
15.97	1.689724364	0
15.98	1.69032268	0
15.99	1.690920597	0
16	1.691518117	0
16.01	1.69211524	0
16.02	1.692711965	0
16.03	1.693308292	0
16.04	1.693904221	0
16.05	1.694499752	0
16.06	1.695094885	0
16.07	1.69568962	0
16.08	1.696283957	0
16.09	1.696877895	0
16.1	1.697471434	0
16.11	1.698064575	0
16.12	1.698657317	0
16.13	1.69924966	0
16.14	1.699841604	0
16.15	1.70043315	0
16.16	1.701024295	0
16.17	1.701615042	0
16.18	1.702205389	0
16.19	1.702795336	0
16.2	1.703384884	0
16.21	1.703974032	0
16.22	1.70456278	0
16.23	1.705151129	0
16.24	1.705739076	0
16.25	1.706326624	0
16.26	1.706913771	0
16.27	1.707500518	0
16.28	1.708086864	0
16.29	1.70867281	0
16.3	1.709258354	0
16.31	1.709843498	0
16.32	1.71042824	0
16.33	1.711012581	0
16.34	1.711596521	0
16.35	1.712180059	0
16.36	1.712763196	0
16.37	1.713345931	0
16.38	1.713928264	0
16.39	1.714510195	0
16.4	1.715091724	0
16.41	1.715672851	0
16.42	1.716253575	0
16.43	1.716833897	0
16.44	1.717413816	0
16.45	1.717993332	0
16.46	1.718572446	0
16.47	1.719151156	0
16.48	1.719729463	0
16.49	1.720307367	0
16.5	1.720884868	0
16.51	1.721461964	0
16.52	1.722038658	0
16.53	1.722614947	0
16.54	1.723190832	0
16.55	1.723766313	0
16.56	1.72434139	0
16.57	1.724916062	0
16.58	1.72549033	0
16.59	1.726064193	0
16.6	1.726637651	0
16.61	1.727210705	0
16.62	1.727783353	0
16.63	1.728355596	0
16.64	1.728927433	0
16.65	1.729498865	0
16.66	1.730069891	0
16.67	1.730640511	0
16.68	1.731210726	0
16.69	1.731780534	0
16.7	1.732349935	0
16.71	1.732918931	0
16.72	1.733487519	0
16.73	1.734055701	0
16.74	1.734623476	0
16.75	1.735190844	0
16.76	1.735757805	0
16.77	1.736324358	0
16.78	1.736890504	0
16.79	1.737456242	0
16.8	1.738021572	0
16.81	1.738586495	0
16.82	1.739151009	0
16.83	1.739715114	0
16.84	1.740278812	0
16.85	1.7408421	0
16.86	1.74140498	0
16.87	1.741967451	0
16.88	1.742529512	0
16.89	1.743091165	0
16.9	1.743652408	0
16.91	1.744213241	0
16.92	1.744773664	0
16.93	1.745333678	0
16.94	1.745893281	0
16.95	1.746452474	0
16.96	1.747011257	0
16.97	1.747569629	0
16.98	1.74812759	0
16.99	1.74868514	0
17	1.749242279	0
17.01	1.749799007	0
17.02	1.750355323	0
17.03	1.750911228	0
17.04	1.75146672	0
17.05	1.752021801	0
17.06	1.75257647	0
17.07	1.753130726	0
17.08	1.753684569	0
17.09	1.754238	0
17.1	1.754791018	0
17.11	1.755343623	0
17.12	1.755895814	0
17.13	1.756447592	0
17.14	1.756998956	0
17.15	1.757549907	0
17.16	1.758100444	0
17.17	1.758650566	0
17.18	1.759200274	0
17.19	1.759749567	0
17.2	1.760298446	0
17.21	1.760846909	0
17.22	1.761394958	0
17.23	1.761942591	0
17.24	1.762489809	0
17.25	1.763036611	0
17.26	1.763582997	0
17.27	1.764128967	0
17.28	1.76467452	0
17.29	1.765219657	0
17.3	1.765764378	0
17.31	1.766308681	0
17.32	1.766852568	0
17.33	1.767396037	0
17.34	1.767939088	0
17.35	1.768481722	0
17.36	1.769023938	0
17.37	1.769565736	0
17.38	1.770107116	0
17.39	1.770648077	0
17.4	1.77118862	0
17.41	1.771728743	0
17.42	1.772268448	0
17.43	1.772807733	0
17.44	1.773346598	0
17.45	1.773885044	0
17.46	1.77442307	0
17.47	1.774960676	0
17.48	1.775497861	0
17.49	1.776034626	0
17.5	1.77657097	0
17.51	1.777106893	0
17.52	1.777642394	0
17.53	1.778177474	0
17.54	1.778712133	0
17.55	1.77924637	0
17.56	1.779780184	0
17.57	1.780313576	0
17.58	1.780846546	0
17.59	1.781379093	0
17.6	1.781911217	0
17.61	1.782442917	0
17.62	1.782974194	0
17.63	1.783505048	0
17.64	1.784035477	0
17.65	1.784565483	0
17.66	1.785095064	0
17.67	1.785624221	0
17.68	1.786152952	0
17.69	1.786681259	0
17.7	1.78720914	0
17.71	1.787736596	0
17.72	1.788263626	0
17.73	1.78879023	0
17.74	1.789316408	0
17.75	1.789842159	0
17.76	1.790367484	0
17.77	1.790892382	0
17.78	1.791416853	0
17.79	1.791940896	0
17.8	1.792464511	0
17.81	1.792987699	0
17.82	1.793510458	0
17.83	1.794032789	0
17.84	1.794554692	0
17.85	1.795076165	0
17.86	1.795597209	0
17.87	1.796117824	0
17.88	1.79663801	0
17.89	1.797157765	0
17.9	1.79767709	0
17.91	1.798195985	0
17.92	1.79871445	0
17.93	1.799232483	0
17.94	1.799750085	0
17.95	1.800267256	0
17.96	1.800783995	0
17.97	1.801300302	0
17.98	1.801816177	0
17.99	1.802331619	0
18	1.802846629	0
18.01	1.803361206	0
18.02	1.803875349	0
18.03	1.804389059	0
18.04	1.804902335	0
18.05	1.805415177	0
18.06	1.805927585	0
18.07	1.806439558	0
18.08	1.806951096	0
18.09	1.8074622	0
18.1	1.807972867	0
18.11	1.808483099	0
18.12	1.808992895	0
18.13	1.809502255	0
18.14	1.810011178	0
18.15	1.810519665	0
18.16	1.811027714	0
18.17	1.811535326	0
18.18	1.812042501	0
18.19	1.812549237	0
18.2	1.813055535	0
18.21	1.813561395	0
18.22	1.814066816	0
18.23	1.814571798	0
18.24	1.81507634	0
18.25	1.815580443	0
18.26	1.816084106	0
18.27	1.816587329	0
18.28	1.817090111	0
18.29	1.817592452	0
18.3	1.818094352	0
18.31	1.818595811	0
18.32	1.819096828	0
18.33	1.819597403	0
18.34	1.820097535	0
18.35	1.820597225	0
18.36	1.821096472	0
18.37	1.821595276	0
18.38	1.822093636	0
18.39	1.822591553	0
18.4	1.823089025	0
18.41	1.823586052	0
18.42	1.824082635	0
18.43	1.824578773	0
18.44	1.825074466	0
18.45	1.825569712	0
18.46	1.826064513	0
18.47	1.826558867	0
18.48	1.827052775	0
18.49	1.827546235	0
18.5	1.828039249	0
18.51	1.828531814	0
18.52	1.829023932	0
18.53	1.829515601	0
18.54	1.830006822	0
18.55	1.830497594	0
18.56	1.830987916	0
18.57	1.831477789	0
18.58	1.831967212	0
18.59	1.832456185	0
18.6	1.832944707	0
18.61	1.833432778	0
18.62	1.833920398	0
18.63	1.834407566	0
18.64	1.834894282	0
18.65	1.835380546	0
18.66	1.835866357	0
18.67	1.836351716	0
18.68	1.836836621	0
18.69	1.837321072	0
18.7	1.837805069	0
18.71	1.838288612	0
18.72	1.8387717	0
18.73	1.839254333	0
18.74	1.839736511	0
18.75	1.840218233	0
18.76	1.840699499	0
18.77	1.841180308	0
18.78	1.84166066	0
18.79	1.842140555	0
18.8	1.842619993	0
18.81	1.843098972	0
18.82	1.843577493	0
18.83	1.844055556	0
18.84	1.844533159	0
18.85	1.845010303	0
18.86	1.845486987	0
18.87	1.845963212	0
18.88	1.846438975	0
18.89	1.846914278	0
18.9	1.847389119	0
18.91	1.847863499	0
18.92	1.848337416	0
18.93	1.848810871	0
18.94	1.849283864	0
18.95	1.849756393	0
18.96	1.850228458	0
18.97	1.85070006	0
18.98	1.851171197	0
18.99	1.851641869	0
19	1.852112076	0
19.01	1.852581818	0
19.02	1.853051094	0
19.03	1.853519903	0
19.04	1.853988246	0
19.05	1.854456121	0
19.06	1.854923529	0
19.07	1.855390469	0
19.08	1.855856941	0
19.09	1.856322943	0
19.1	1.856788477	0
19.11	1.857253541	0
19.12	1.857718135	0
19.13	1.858182259	0
19.14	1.858645912	0
19.15	1.859109093	0
19.16	1.859571803	0
19.17	1.860034041	0
19.18	1.860495806	0
19.19	1.860957098	0
19.2	1.861417917	0
19.21	1.861878262	0
19.22	1.862338133	0
19.23	1.86279753	0
19.24	1.863256451	0
19.25	1.863714897	0
19.26	1.864172866	0
19.27	1.86463036	0
19.28	1.865087376	0
19.29	1.865543915	0
19.3	1.865999977	0
19.31	1.86645556	0
19.32	1.866910665	0
19.33	1.86736529	0
19.34	1.867819436	0
19.35	1.868273102	0
19.36	1.868726288	0
19.37	1.869178993	0
19.38	1.869631216	0
19.39	1.870082958	0
19.4	1.870534217	0
19.41	1.870984993	0
19.42	1.871435287	0
19.43	1.871885096	0
19.44	1.872334422	0
19.45	1.872783263	0
19.46	1.873231619	0
19.47	1.873679489	0
19.48	1.874126873	0
19.49	1.874573771	0
19.5	1.875020181	0
19.51	1.875466104	0
19.52	1.875911539	0
19.53	1.876356486	0
19.54	1.876800944	0
19.55	1.877244912	0
19.56	1.87768839	0
19.57	1.878131378	0
19.58	1.878573875	0
19.59	1.87901588	0
19.6	1.879457393	0
19.61	1.879898414	0
19.62	1.880338942	0
19.63	1.880778976	0
19.64	1.881218517	0
19.65	1.881657563	0
19.66	1.882096113	0
19.67	1.882534169	0
19.68	1.882971728	0
19.69	1.88340879	0
19.7	1.883845356	0
19.71	1.884281424	0
19.72	1.884716993	0
19.73	1.885152064	0
19.74	1.885586636	0
19.75	1.886020708	0
19.76	1.886454279	0
19.77	1.88688735	0
19.78	1.887319919	0
19.79	1.887751986	0
19.8	1.888183551	0
19.81	1.888614612	0
19.82	1.88904517	0
19.83	1.889475224	0
19.84	1.889904773	0
19.85	1.890333817	0
19.86	1.890762355	0
19.87	1.891190386	0
19.88	1.891617911	0
19.89	1.892044927	0
19.9	1.892471436	0
19.91	1.892897436	0
19.92	1.893322927	0
19.93	1.893747907	0
19.94	1.894172378	0
19.95	1.894596337	0
19.96	1.895019784	0
19.97	1.89544272	0
19.98	1.895865142	0
19.99	1.896287051	0
20	1.896708446	0
20.01	1.897129326	0
20.02	1.897549691	0
20.03	1.897969541	0
20.04	1.898388873	0
20.05	1.898807689	0
20.06	1.899225987	0
20.07	1.899643767	0
20.08	1.900061027	0
20.09	1.900477768	0
20.1	1.900893989	0
20.11	1.901309689	0
20.12	1.901724868	0
20.13	1.902139524	0
20.14	1.902553658	0
20.15	1.902967269	0
20.16	1.903380355	0
20.17	1.903792917	0
20.18	1.904204953	0
20.19	1.904616463	0
20.2	1.905027447	0
20.21	1.905437903	0
20.22	1.905847832	0
20.23	1.906257231	0
20.24	1.906666102	0
20.25	1.907074442	0
20.26	1.907482252	0
20.27	1.907889531	0
20.28	1.908296277	0
20.29	1.908702491	0
20.3	1.909108171	0
20.31	1.909513317	0
20.32	1.909917929	0
20.33	1.910322005	0
20.34	1.910725544	0
20.35	1.911128547	0
20.36	1.911531013	0
20.37	1.91193294	0
20.38	1.912334327	0
20.39	1.912735176	0
20.4	1.913135483	0
20.41	1.91353525	0
20.42	1.913934474	0
20.43	1.914333156	0
20.44	1.914731294	0
20.45	1.915128889	0
20.46	1.915525938	0
20.47	1.915922442	0
20.48	1.916318399	0
20.49	1.916713809	0
20.5	1.917108672	0
20.51	1.917502985	0
20.52	1.91789675	0
20.53	1.918289964	0
20.54	1.918682627	0
20.55	1.919074738	0
20.56	1.919466296	0
20.57	1.919857302	0
20.58	1.920247753	0
20.59	1.920637649	0
20.6	1.92102699	0
20.61	1.921415774	0
20.62	1.921804001	0
20.63	1.922191669	0
20.64	1.922578779	0
20.65	1.922965329	0
20.66	1.923351318	0
20.67	1.923736746	0
20.68	1.924121612	0
20.69	1.924505915	0
20.7	1.924889653	0
20.71	1.925272827	0
20.72	1.925655436	0
20.73	1.926037477	0
20.74	1.926418952	0
20.75	1.926799858	0
20.76	1.927180196	0
20.77	1.927559963	0
20.78	1.92793916	0
20.79	1.928317785	0
20.8	1.928695837	0
20.81	1.929073316	0
20.82	1.929450221	0
20.83	1.92982655	0
20.84	1.930202303	0
20.85	1.93057748	0
20.86	1.930952078	0
20.87	1.931326097	0
20.88	1.931699537	0
20.89	1.932072396	0
20.9	1.932444673	0
20.91	1.932816367	0
20.92	1.933187478	0
20.93	1.933558005	0
20.94	1.933927946	0
20.95	1.934297301	0
20.96	1.934666068	0
20.97	1.935034248	0
20.98	1.935401837	0
20.99	1.935768837	0
21	1.936135245	0
21.01	1.936501061	0
21.02	1.936866284	0
21.03	1.937230912	0
21.04	1.937594946	0
21.05	1.937958383	0
21.06	1.938321223	0
21.07	1.938683464	0
21.08	1.939045106	0
21.09	1.939406148	0
21.1	1.939766588	0
21.11	1.940126426	0
21.12	1.94048566	0
21.13	1.94084429	0
21.14	1.941202314	0
21.15	1.941559732	0
21.16	1.941916542	0
21.17	1.942272742	0
21.18	1.942628333	0
21.19	1.942983313	0
21.2	1.943337681	0
21.21	1.943691435	0
21.22	1.944044576	0
21.23	1.9443971	0
21.24	1.944749008	0
21.25	1.945100298	0
21.26	1.94545097	0
21.27	1.945801021	0
21.28	1.946150451	0
21.29	1.946499259	0
21.3	1.946847443	0
21.31	1.947195002	0
21.32	1.947541936	0
21.33	1.947888242	0
21.34	1.948233921	0
21.35	1.948578969	0
21.36	1.948923388	0
21.37	1.949267174	0
21.38	1.949610327	0
21.39	1.949952845	0
21.4	1.950294728	0
21.41	1.950635974	0
21.42	1.950976582	0
21.43	1.951316551	0
21.44	1.951655879	0
21.45	1.951994565	0
21.46	1.952332608	0
21.47	1.952670006	0
21.48	1.953006758	0
21.49	1.953342863	0
21.5	1.95367832	0
21.51	1.954013127	0
21.52	1.954347283	0
21.53	1.954680786	0
21.54	1.955013635	0
21.55	1.955345829	0
21.56	1.955677367	0
21.57	1.956008246	0
21.58	1.956338467	0
21.59	1.956668026	0
21.6	1.956996923	0
21.61	1.957325157	0
21.62	1.957652725	0
21.63	1.957979627	0
21.64	1.958305861	0
21.65	1.958631426	0
21.66	1.95895632	0
21.67	1.959280541	0
21.68	1.959604089	0
21.69	1.959926961	0
21.7	1.960249157	0
21.71	1.960570674	0
21.72	1.960891511	0
21.73	1.961211666	0
21.74	1.961531139	0
21.75	1.961849927	0
21.76	1.962168029	0
21.77	1.962485444	0
21.78	1.962802168	0
21.79	1.963118202	0
21.8	1.963433544	0
21.81	1.963748191	0
21.82	1.964062143	0
21.83	1.964375396	0
21.84	1.964687951	0
21.85	1.964999805	0
21.86	1.965310957	0
21.87	1.965621404	0
21.88	1.965931145	0
21.89	1.966240179	0
21.9	1.966548503	0
21.91	1.966856116	0
21.92	1.967163016	0
21.93	1.967469201	0
21.94	1.96777467	0
21.95	1.96807942	0
21.96	1.968383451	0
21.97	1.968686759	0
21.98	1.968989343	0
21.99	1.969291202	0
22	1.969592333	0
22.01	1.969892735	0
22.02	1.970192405	0
22.03	1.970491342	0
22.04	1.970789543	0
22.05	1.971087008	0
22.06	1.971383733	0
22.07	1.971679717	0
22.08	1.971974958	0
22.09	1.972269454	0
22.1	1.972563202	0
22.11	1.972856201	0
22.12	1.973148449	0
22.13	1.973439943	0
22.14	1.973730682	0
22.15	1.974020663	0
22.16	1.974309884	0
22.17	1.974598343	0
22.18	1.974886038	0
22.19	1.975172967	0
22.2	1.975459127	0
22.21	1.975744517	0
22.22	1.976029133	0
22.23	1.976312974	0
22.24	1.976596037	0
22.25	1.976878321	0
22.26	1.977159822	0
22.27	1.977440539	0
22.28	1.977720468	0
22.29	1.977999608	0
22.3	1.978277957	0
22.31	1.978555511	0
22.32	1.978832268	0
22.33	1.979108227	0
22.34	1.979383383	0
22.35	1.979657736	0
22.36	1.979931281	0
22.37	1.980204018	0
22.38	1.980475942	0
22.39	1.980747052	0
22.4	1.981017344	0
22.41	1.981286817	0
22.42	1.981555467	0
22.43	1.981823291	0
22.44	1.982090288	0
22.45	1.982356453	0
22.46	1.982621785	0
22.47	1.982886281	0
22.48	1.983149936	0
22.49	1.98341275	0
22.5	1.983674719	0
22.51	1.983935839	0
22.52	1.984196108	0
22.53	1.984455523	0
22.54	1.984714081	0
22.55	1.984971778	0
22.56	1.985228612	0
22.57	1.985484579	0
22.58	1.985739677	0
22.59	1.985993902	0
22.6	1.98624725	0
22.61	1.986499719	0
22.62	1.986751305	0
22.63	1.987002005	0
22.64	1.987251815	0
22.65	1.987500733	0
22.66	1.987748754	0
22.67	1.987995874	0
22.68	1.988242092	0
22.69	1.988487402	0
22.7	1.988731801	0
22.71	1.988975287	0
22.72	1.989217853	0
22.73	1.989459498	0
22.74	1.989700218	0
22.75	1.989940007	0
22.76	1.990178863	0
22.77	1.990416782	0
22.78	1.99065376	0
22.79	1.990889791	0
22.8	1.991124874	0
22.81	1.991359002	0
22.82	1.991592173	0
22.83	1.991824381	0
22.84	1.992055623	0
22.85	1.992285894	0
22.86	1.99251519	0
22.87	1.992743506	0
22.88	1.992970838	0
22.89	1.99319718	0
22.9	1.99342253	0
22.91	1.993646881	0
22.92	1.993870228	0
22.93	1.994092568	0
22.94	1.994313895	0
22.95	1.994534204	0
22.96	1.99475349	0
22.97	1.994971747	0
22.98	1.995188972	0
22.99	1.995405158	0
23	1.995620299	0
23.01	1.995834391	0
23.02	1.996047428	0
23.03	1.996259405	0
23.04	1.996470315	0
23.05	1.996680152	0
23.06	1.996888912	0
23.07	1.997096588	0
23.08	1.997303173	0
23.09	1.997508662	0
23.1	1.997713048	0
23.11	1.997916325	0
23.12	1.998118486	0
23.13	1.998319526	0
23.14	1.998519436	0
23.15	1.998718211	0
23.16	1.998915842	0
23.17	1.999112324	0
23.18	1.999307649	0
23.19	1.99950181	0
23.2	1.999694798	0
23.21	1.999886607	0
23.22	2.000077229	0
23.23	2.000266655	0
23.24	2.000454878	0
23.25	2.000641889	0
23.26	2.000827681	0
23.27	2.001012244	0
23.28	2.001195569	0
23.29	2.001377648	0
23.3	2.001558472	0
23.31	2.001738032	0
23.32	2.001916317	0
23.33	2.002093318	0
23.34	2.002269025	0
23.35	2.002443429	0
23.36	2.002616518	0
23.37	2.002788282	0
23.38	2.00295871	0
23.39	2.003127791	0
23.4	2.003295513	0
23.41	2.003461865	0
23.42	2.003626835	0
23.43	2.00379041	0
23.44	2.003952578	0
23.45	2.004113326	0
23.46	2.00427264	0
23.47	2.004430507	0
23.48	2.004586913	0
23.49	2.004741842	0
23.5	2.004895282	0
23.51	2.005047215	0
23.52	2.005197626	0
23.53	2.005346499	0
23.54	2.005493817	0
23.55	2.005639563	0
23.56	2.005783718	0
23.57	2.005926264	0
23.58	2.006067182	0
23.59	2.006206453	0
23.6	2.006344054	0
23.61	2.006479966	0
23.62	2.006614166	0
23.63	2.00674663	0
23.64	2.006877336	0
23.65	2.007006257	0
23.66	2.007133369	0
23.67	2.007258643	0
23.68	2.007382051	0
23.69	2.007503565	0
23.7	2.007623152	0
23.71	2.00774078	0
23.72	2.007856414	0
23.73	2.007970019	0
23.74	2.008081557	0
23.75	2.008190987	0
23.76	2.008298266	0
23.77	2.00840335	0
23.78	2.008506189	0
23.79	2.008606733	0
23.8	2.008704927	0
23.81	2.008800711	0
23.82	2.008894021	0
23.83	2.00898479	0
23.84	2.00907294	0
23.85	2.009158392	0
23.86	2.009241054	0
23.87	2.009320828	0
23.88	2.009397603	0
23.89	2.009471255	0
23.9	2.009541643	0
23.91	2.009608605	0
23.92	2.009671955	0
23.93	2.009731469	0
23.94	2.009786881	0
23.95	2.009837857	0
23.96	2.009883967	0
23.97	2.009924625	0
23.98	2.009958966	0
23.99	2.009985491	0
24	2.01	0
